0.672710790972158 0.202110183922355 0.514068192729341 0.498203424213467 0.158409710728996 0.528254373509355
0.525594452589857 0.654192699453542 0.582550354833227 0.375691890046923 0.581986068754747 0.424752929856511
0.192113301507183 0.41124256225057 0.602116686862909 0.611546327543722 0.581986068754747 0.520690000965521
0.685880283815454 0.372367966416746 0.328188038447365 0.611546327543722 0.743022326234652 0.604748539614508
0.477189801659812 0.711224640142999 0.347754370477047 0.391558578295532 0.581986068754747 0.413626342278518
0.192113301507183 0.479143255436275 0.455369196640296 0.407260841946035 0.391520602128783 0.367663755181013
0.43682156531596 0.503537826431887 0.543417690773863 0.555934402234205 0.391520602128783 0.529653264821806
0.469586391421645 0.372367966416746 0.474935528669978 0.483420332494312 0.581986068754747 0.477615509411004
0.377095361450157 0.620374940578785 0.308621706417684 0.391558578295532 0.391520602128783 0.388813763042909
0.469586391421645 0.58414907401578 0.61189985287775 0.453414304800156 0.391520602128783 0.468966987282101
0.305391216114487 0.535580992403545 0.62168301889259 0.583995479780231 0.581986068754747 0.528118136608393
0.388316404982483 0.349903001027765 0.602116686862909 0.638605169496458 0.581986068754747 0.578802445121268
0.567813641293532 0.745332297042451 0.406453366566092 0.375691890046923 0.391520602128783 0.425056568830876
0.677140354559515 0.58414907401578 0.337971204462206 0.438185484328747 0.581986068754747 0.484440644736369
0.365148174258755 0.610138416576983 0.474935528669978 0.343451208165685 0.391520602128783 0.361573846427894
0.398929531832399 0.26344974514516 0.719514679040999 0.625136148523405 0.158409710728996 0.576340318321611
0.418669130721792 0.40216800278285 0.533634524759023 0.483420332494312 0.743022326234652 0.471314734287526
0.491818492594122 0.46581266715163 0.768430509115203 0.422802053900328 0.391520602128783 0.458232612798312
0.477189801659812 0.554546372198067 0.572767188818386 0.453414304800156 0.581986068754747 0.467559718215797
0.25751433599895 0.280516448419147 0.699948347011317 0.651955519139038 0.391520602128783 0.565781724501515
0.625934686127748 0.337715686068396 0.514068192729341 0.597833520087582 0.743022326234652 0.592857937223037
0.192113301507183 0.337715686068396 0.445586030625455 0.359657297218124 0.581986068754747 0.32993871948022
0.25751433599895 0.514762521407161 0.523851358744182 0.570029898133436 0.581986068754747 0.50212243472628
0.668240019479871 0.224575149311336 0.210790046269275 0.583995479780231 0.743022326234652 0.571257579824302
0.484595619351981 0.567739443570937 0.758647343100362 0.791533660396896 0.581986068754747 0.721795589547253
0.556250850642659 0.54996081988826 0.298838540402843 0.453414304800156 0.581986068754747 0.46751098253755
0.418669130721792 0.382771003479972 0.465152362655137 0.422802053900328 0.581986068754747 0.423557630882838
0.550329520260324 0.678356637690792 0.572767188818386 0.293766269041321 0.391520602128783 0.371266577997794
0.525594452589857 0.723894899735376 0.465152362655137 0.438185484328747 0.391520602128783 0.464026986521214
0.388316404982483 0.545274478181956 0.641249350922272 0.815585830205421 0.882518277523544 0.711857658772886
0.28460433147867 0.761398301362449 0.651032516937113 0.438185484328747 0.391520602128783 0.426486086185639
0.649920542949551 0.324789306367965 0.347754370477047 0.189224483672455 0 0.295860963991449
0.192113301507183 0.509224029123142 0.5042850267145 0.651955519139038 0.581986068754747 0.54597342903406
0.723433817421218 0.525425741497568 0.357537536491888 0.422802053900328 0.581986068754747 0.482771626091209
0.322915370490717 0.591903381808187 0.396670200551251 0.583995479780231 0.581986068754747 0.51971237428109
0.388316404982483 0.444110564702777 0.602116686862909 0.453414304800156 0.743022326234652 0.44863889300998
0.649920542949551 0.535580992403545 0.660815682951954 0.310509587272358 0.391520602128783 0.405608960966489
0.352312464662174 0.680879980327997 0.690165180996476 0.375691890046923 0.391520602128783 0.396220156106874
0.491818492594122 0.202110183922355 0.347754370477047 0.422802053900328 0.581986068754747 0.427591538532698
0.377095361450157 0.545274478181956 0.426019698595774 0.422802053900328 0.391520602128783 0.416365991446755
0.531947045329097 0.659804074993891 0.318404872432524 0.310509587272358 0.581986068754747 0.364074375533587
0.719393298585171 0.176996489262555 0.455369196640296 0.597833520087582 0.391520602128783 0.604948219773233
0.584519508457784 0.324789306367965 0.367320702506729 0.375691890046923 0.581986068754747 0.416802396163526
0.735375095276021 0.41124256225057 0.191223714239594 0.827470243146482 0.581986068754747 0.761892365424636
0.654568451364619 0.382771003479972 0.308621706417684 0.327069914755952 0.581986068754747 0.394248659265271
0.640480204491652 0.479143255436275 0.455369196640296 0.453414304800156 0.581986068754747 0.492386380272723
0.610884250614597 0.610138416576983 0.396670200551251 0.375691890046923 0.391520602128783 0.430283199831274
0.498871344396122 0.472582123473375 0.318404872432524 0.375691890046923 0.391520602128783 0.399687065261016
0.698707536329883 0.645488635238585 0.289055374388002 0.527343839269194 0.391520602128783 0.551017721451559
0.491818492594122 0.688275633764489 0.377103868521569 0.327069914755952 0.391520602128783 0.371779258967404
0.388316404982483 0.563431823037589 0.523851358744182 0.541706552324988 0.743022326234652 0.509747501752651
0.556250850642659 0.620374940578785 0.641249350922272 0.343451208165685 0.391520602128783 0.410703048147738
0.491818492594122 0.491689224751558 0.514068192729341 0.375691890046923 0.391520602128783 0.410188450376052
0.305391216114487 0.685838807648787 0.680382014981635 0.963255504120144 0.882518277523544 0.805787096059477
0.398929531832399 0.24489718244826 0.62168301889259 0.570029898133436 0.581986068754747 0.530810827681008
0.584519508457784 0.296317747597367 0.357537536491888 0.453414304800156 0.581986068754747 0.471101089047977
0.398929531832399 0.571961759056411 0.699948347011317 0.625136148523405 0.581986068754747 0.582061747106386
0.600542631001451 0.535580992403545 0.49450186069966 0.791533660396896 0.743022326234652 0.729257369245384
0.694468179499826 0.311028405193941 0.38688703453641 0.391558578295532 0.391520602128783 0.451481064597554
0.491818492594122 0.779520551169971 0.5042850267145 0.375691890046923 0.391520602128783 0.416025088799803
0.645224959936402 0.382771003479972 0.357537536491888 0.527343839269194 0.391520602128783 0.538250898972366
0.512511627817166 0.777935265322165 0.5042850267145 0.343451208165685 0.391520602128783 0.397198565743482
0.192113301507183 0.280516448419147 0.670598848966795 0.327069914755952 0.391520602128783 0.318637585795039
0.525594452589857 0.756176326950194 0.553200856788705 0.359657297218124 0.391520602128783 0.413845331810478
0.427920084835637 0.497695818133175 0.787996841144884 0.422802053900328 0.391520602128783 0.447017786206443
0.484595619351981 0.599385551766182 0.523851358744182 0.391558578295532 0.581986068754747 0.423017492102686
0.427920084835637 0.610138416576983 0.61189985287775 0.570029898133436 0.581986068754747 0.544305111799764
0.305391216114487 0.595677285005747 0.553200856788705 0.498203424213467 0.391520602128783 0.464153076612492
0.600542631001451 0.54996081988826 0.61189985287775 0.555934402234205 0.581986068754747 0.56822536450248
0.305391216114487 0.554546372198067 0.758647343100362 0.625136148523405 0.158409710728996 0.565986493262494
0.28460433147867 0.54996081988826 0.651032516937113 0.597833520087582 0.391520602128783 0.53579531097648
0.610884250614597 0.337715686068396 0.26948904235832 0.343451208165685 0.581986068754747 0.393700349141854
0.620976564612699 0.571961759056411 0.709731513026158 0.512843681895435 0.581986068754747 0.547881774253689
0.584519508457784 0.503537826431887 0.523851358744182 0.327069914755952 0.581986068754747 0.395274432390882
0.550329520260324 0.639482041856968 0.62168301889259 0.359657297218124 0.391520602128783 0.42033931130707
0.45371743947425 0.659804074993891 0.455369196640296 0.343451208165685 0.391520602128783 0.379654486611922
0.338354460429582 0.361431212017732 0.484718694684818 0.391558578295532 0.158409710728996 0.385483461726779
0.654568451364619 0.361431212017732 0.289055374388002 0.651955519139038 0.581986068754747 0.624653017004106
0.192113301507183 0.26344974514516 0.719514679040999 0.583995479780231 0.391520602128783 0.504632100946155
0.427920084835637 0.530563820585382 0.523851358744182 0.327069914755952 0.391520602128783 0.36382785664902
0.562077421393132 0.651330643537297 0.455369196640296 0.422802053900328 0.581986068754747 0.458313986018788
0.615960447455952 0.382771003479972 0.572767188818386 0.678308442196004 0.581986068754747 0.652750977291027
0.690192741085259 0.41124256225057 0.474935528669978 0.729677933892271 0.743022326234652 0.699505517408234
0.484595619351981 0.40216800278285 0.572767188818386 0.302161054404645 0.158409710728996 0.357656185480495
0.469586391421645 0.651330643537297 0.328188038447365 0.359657297218124 0.391520602128783 0.386800249580071
0.672710790972158 0.620374940578785 0.289055374388002 0.527343839269194 0.581986068754747 0.545137877392779
0.418669130721792 0.444110564702777 0.690165180996476 0.453414304800156 0.391520602128783 0.460034289042143
0.659170108482798 0.40216800278285 0.465152362655137 0.468491592206549 0.581986068754747 0.505840490139461
0.690192741085259 0.717653869865801 0.318404872432524 0.453414304800156 0.391520602128783 0.499810659061687
0.192113301507183 0.58414907401578 0.719514679040999 0.555934402234205 0.581986068754747 0.491735876902823
0.28460433147867 0.685838807648787 0.660815682951954 0.407260841946035 0.581986068754747 0.403292424065176
0.625934686127748 0.41124256225057 0.259705876343479 0.327069914755952 0.743022326234652 0.386143191393576
0.654568451364619 0.670602329898385 0.230356378298957 0.375691890046923 0.581986068754747 0.430779190425128
0.192113301507183 0.280516448419147 0.797780007159725 0.665189270352692 0.158409710728996 0.567608171451799
0.525594452589857 0.797677896025604 0.445586030625455 0.407260841946035 0.391520602128783 0.442432661374722
0.305391216114487 0.324789306367965 0.631466184907431 0.665189270352692 0.581986068754747 0.581986068754549
0.625934686127748 0.39268999955367 0.465152362655137 0.375691890046923 0.391520602128783 0.432550480358945
0.645224959936402 0.419946626465527 0.308621706417684 0.343451208165685 0.581986068754747 0.404864151518088
0.377095361450157 0.509224029123142 0.484718694684818 0.391558578295532 0.581986068754747 0.396704615049159
0.525594452589857 0.46581266715163 0.455369196640296 0.343451208165685 0.581986068754747 0.39004246611896
0.600542631001451 0.24489718244826 0.474935528669978 0.665189270352692 0.581986068754747 0.631394776420583
0.544308650802436 0.311028405193941 0.543417690773863 0.310509587272358 0.391520602128783 0.372080810603755
0.477189801659812 0.73194189112119 0.5042850267145 0.375691890046923 0.391520602128783 0.411971264897747
0.562077421393132 0.711224640142999 0.631466184907431 0.375691890046923 0.391520602128783 0.436369700236992
0.615960447455952 0.349903001027765 0.367320702506729 0.651955519139038 0.391520602128783 0.621102537008793
0.388316404982483 0.361431212017732 0.680382014981635 0.422802053900328 0.158409710728996 0.429541398210504
0.723433817421218 0.688275633764489 0.836912671219089 0.665189270352692 0.581986068754747 0.687733287797424
0.445410418918533 0.623680742678747 1.07170865557527 0.862574242832827 0.158409710728996 0.784189880836484
0.579031039457725 0.576102082629966 0.49450186069966 0.570029898133436 0.391520602128783 0.567560812289478
0.25751433599895 0.472582123473375 0.729297845055839 0.827470243146482 0.581986068754747 0.697140368843175
0.600542631001451 0.472582123473375 0.0836088880763445 0.391558578295532 0.391520602128783 0.418003493980074
0.352312464662174 0.514762521407161 0.533634524759023 0.422802053900328 0.581986068754747 0.416949798971118
0.28460433147867 0.491689224751558 0.543417690773863 0.570029898133436 0.581986068754747 0.508304368118821
0.512511627817166 0.148524930491957 0.62168301889259 0.651955519139038 0.158409710728996 0.610419647575834
0.365148174258755 0.595677285005747 0.778213675130044 0.69131500173334 0.581986068754747 0.627548864858844
0.461768674741401 0.571961759056411 0.670598848966795 0.512843681895435 0.391520602128783 0.512995435231509
0.352312464662174 0.678356637690792 0.690165180996476 0.407260841946035 0.391520602128783 0.41871032828986
0.702911709950465 0.704595506277333 0.347754370477047 0.310509587272358 0.391520602128783 0.401788738263388
0.562077421393132 0.793281452343995 0.38688703453641 0.375691890046923 0.391520602128783 0.423798978729082
0.192113301507183 0.444110564702777 0.62168301889259 0.767093535678137 0.581986068754747 0.633665225030375
0.469586391421645 0.444110564702777 0.699948347011317 0.375691890046923 0.581986068754747 0.415521696007572
0.595272354336887 0.349903001027765 0.38688703453641 0.359657297218124 0.391520602128783 0.409262598347693
0.192113301507183 0.576102082629966 0.670598848966795 0.678308442196004 0.391520602128783 0.576075760727557
0.491818492594122 0.46581266715163 0.768430509115203 0.422802053900328 0.391520602128783 0.458232612798312
0.640480204491652 0.451592734660772 0.26948904235832 0.375691890046923 0.391520602128783 0.425320479761913
0.63083677827438 0.382771003479972 0.592333520848068 0.716997902722186 0.743022326234652 0.684579207938418
0.505765644380061 0.678356637690792 0.396670200551251 0.343451208165685 0.391520602128783 0.387263961283367
0.192113301507183 0.24489718244826 0.660815682951954 0.69131500173334 0.581986068754747 0.577410114089991
0.398929531832399 0.428309265524556 0.572767188818386 0.407260841946035 0.391520602128783 0.415768434769047
0.649920542949551 0.280516448419147 0.240139544313798 0.527343839269194 0.743022326234652 0.530022284498784
0.584519508457784 0.752622578614028 0.38688703453641 0.359657297218124 0.391520602128783 0.416034174089047
0.25751433599895 0.509224029123142 0.660815682951954 0.422802053900328 0.391520602128783 0.404913006919078
0.192113301507183 0.296317747597367 0.582550354833227 0.583995479780231 0.158409710728996 0.497301002695752
0.556250850642659 0.545274478181956 0.562984022803545 0.468491592206549 0.581986068754747 0.493725473947547
0.538183047010328 0.645488635238585 0.49450186069966 0.407260841946035 0.391520602128783 0.44449811574242
0.659170108482798 0.591903381808187 0.230356378298957 0.327069914755952 0.581986068754747 0.395242029171943
0.690192741085259 0.324789306367965 0.377103868521569 0.638605169496458 0.581986068754747 0.626776160595467
0.398929531832399 0.43635625691037 0.748864177085521 0.716997902722186 0.391520602128783 0.647527577341206
0.388316404982483 0.73194189112119 0.337971204462206 0.422802053900328 0.391520602128783 0.417637593334709
0.461768674741401 0.719754576161821 0.572767188818386 0.375691890046923 0.391520602128783 0.412575431673368
0.365148174258755 0.571961759056411 0.562984022803545 0.375691890046923 0.391520602128783 0.388933036153417
0.192113301507183 0.26344974514516 0.709731513026158 0.583995479780231 0.391520602128783 0.504056146349633
0.573463587501794 0.757931233682393 0.445586030625455 0.375691890046923 0.391520602128783 0.428797362584164
0.322915370490717 0.688275633764489 0.709731513026158 0.375691890046923 0.391520602128783 0.391520602128793
0.75089998515248 0.39268999955367 0.357537536491888 0.625136148523405 0.581986068754747 0.629941478534044
0.398929531832399 0.428309265524556 0.729297845055839 0.742252735375008 0.391520602128783 0.664233266162208
0.562077421393132 0.311028405193941 0.484718694684818 0.625136148523405 0.581986068754747 0.596966269854141
0.531947045329097 0.799123460642706 0.347754370477047 0.638605169496458 0.581986068754747 0.60323038178731
0.192113301507183 0.509224029123142 0.553200856788705 0.293766269041321 0.581986068754747 0.293036206462288
0.43682156531596 0.606614039404761 0.465152362655137 0.422802053900328 0.391520602128783 0.432259596135448
0.418669130721792 0.620374940578785 0.406453366566092 0.375691890046923 0.581986068754747 0.391749633868985
0.677140354559515 0.58414907401578 0.337971204462206 0.438185484328747 0.581986068754747 0.484440644736369
0.640480204491652 0.530563820585382 0.572767188818386 0.597833520087582 0.581986068754747 0.603586925176673
0.668240019479871 0.324789306367965 0.337971204462206 0.597833520087582 0.882518277523544 0.590860720528452
0.677140354559515 0.576102082629966 0.533634524759023 0.453414304800156 0.391520602128783 0.506656806236911
0.640480204491652 0.24489718244826 0.514068192729341 0.498203424213467 0.581986068754747 0.522611508638321
0.512511627817166 0.70682819646139 0.915177999337816 0.665189270352692 0.391520602128783 0.649588201636164
0.605745762157615 0.576102082629966 0.62168301889259 0.327069914755952 0.391520602128783 0.406994673419472
0.645224959936402 0.70682819646139 0.377103868521569 0.375691890046923 0.391520602128783 0.438313403058003
0.28460433147867 0.46581266715163 0.846695837233929 0.407260841946035 0.391520602128783 0.409333599856598
0.45371743947425 0.419946626465527 0.602116686862909 0.468491592206549 0.743022326234652 0.47225324786794
0.579031039457725 0.662555338512571 0.562984022803545 0.375691890046923 0.391520602128783 0.434723339471672
0.377095361450157 0.73194189112119 0.435802864610614 0.359657297218124 0.391520602128783 0.376003034878287
0.377095361450157 0.55903537935598 0.670598848966795 0.651955519139038 0.581986068754747 0.594731709936436
0.635684698668103 0.43635625691037 0.249922710328639 0.651955519139038 0.581986068754747 0.620153819170058
0.63083677827438 0.603030426237071 0.514068192729341 0.729677933892271 0.581986068754747 0.693934745717307
0.640480204491652 0.40216800278285 0.416236532580933 0.729677933892271 0.581986068754747 0.685673751679689
0.659170108482798 0.688275633764489 0.514068192729341 0.704210865804917 0.743022326234652 0.683443996393152
0.640480204491652 0.372367966416746 0.337971204462206 0.527343839269194 0.391520602128783 0.535896187699175
0.418669130721792 0.444110564702777 0.553200856788705 0.359657297218124 0.581986068754747 0.385010132357557
0.63083677827438 0.382771003479972 0.592333520848068 0.716997902722186 0.743022326234652 0.684579207938418
0.192113301507183 0.525425741497568 0.592333520848068 0.570029898133436 0.391520602128783 0.49300710388887
0.723433817421218 0.40216800278285 0.337971204462206 0.512843681895435 0.743022326234652 0.54318094476823
0.610884250614597 0.337715686068396 0.26948904235832 0.343451208165685 0.581986068754747 0.393700349141854
0.25751433599895 0.428309265524556 0.582550354833227 0.422802053900328 0.581986068754747 0.3985026704382
0.498871344396122 0.472582123473375 0.445586030625455 0.541706552324988 0.581986068754747 0.525741327902551
0.645224959936402 0.337715686068396 0.484718694684818 0.359657297218124 0.391520602128783 0.424973620309259
0.550329520260324 0.725935297739573 0.435802864610614 0.527343839269194 0.581986068754747 0.531083166903886
0.192113301507183 0.683373809508954 0.73908101107068 0.839262169446543 0.743022326234652 0.697449707350537
0.550329520260324 0.73585429381327 0.484718694684818 0.483420332494312 0.391520602128783 0.502813973288044
0.192113301507183 0.444110564702777 0.954310663397179 0.791533660396896 0.581986068754747 0.670702697828739
0.681529829124736 0.176996489262555 0.347754370477047 0.704210865804917 0.581986068754747 0.666837986891014
0.702911709950465 0.41124256225057 0.347754370477047 0.293766269041321 0.391520602128783 0.383295133855881
0.365148174258755 0.311028405193941 0.62168301889259 0.555934402234205 0.391520602128783 0.515303743649151
0.711217919761901 0.428309265524556 0.347754370477047 0.791533660396896 0.743022326234652 0.740878276902915
0.418669130721792 0.580163538081921 0.553200856788705 0.498203424213467 0.581986068754747 0.486990216514856
0.573463587501794 0.39268999955367 0.406453366566092 0.583995479780231 0.581986068754747 0.567125732413733
0.388316404982483 0.46581266715163 0.680382014981635 0.597833520087582 0.158409710728996 0.55687352201102
0.418669130721792 0.675803074663158 0.631466184907431 0.359657297218124 0.581986068754747 0.394779645672879
0.418669130721792 0.444110564702777 0.514068192729341 0.512843681895435 0.581986068754747 0.492111274274707
0.519118473966017 0.503537826431887 0.641249350922272 0.597833520087582 0.391520602128783 0.582179340009572
0.562077421393132 0.606614039404761 0.641249350922272 0.438185484328747 0.391520602128783 0.479247652429333
0.615960447455952 0.769827065391559 0.602116686862909 0.527343839269194 0.391520602128783 0.555283886866798
0.605745762157615 0.428309265524556 0.660815682951954 0.407260841946035 0.391520602128783 0.463277780834309
0.600542631001451 0.39268999955367 0.553200856788705 0.498203424213467 0.391520602128783 0.52003462118996
0.519118473966017 0.617017076467987 0.553200856788705 0.527343839269194 0.581986068754747 0.529180570087283
0.461768674741401 0.349903001027765 0.474935528669978 0.327069914755952 0.581986068754747 0.363850388968717
0.505765644380061 0.311028405193941 0.553200856788705 0.638605169496458 0.391520602128783 0.599093033796667
0.556250850642659 0.665271553134268 0.474935528669978 0.375691890046923 0.581986068754747 0.42493820742994
0.512511627817166 0.576102082629966 0.62168301889259 0.468491592206549 0.391520602128783 0.488916605683047
0.498871344396122 0.41124256225057 0.582550354833227 0.625136148523405 0.581986068754747 0.592023114469863
0.615960447455952 0.43635625691037 0.396670200551251 0.359657297218124 0.581986068754747 0.415998544299632
0.654568451364619 0.324789306367965 0.396670200551251 0.791533660396896 0.882518277523544 0.729858192669449
0.377095361450157 0.623680742678747 0.465152362655137 0.327069914755952 0.391520602128783 0.35204520114742
0.192113301507183 0.509224029123142 0.553200856788705 0.293766269041321 0.581986068754747 0.293036206462288
0.491818492594122 0.788792445186082 0.435802864610614 0.438185484328747 0.391520602128783 0.456832591884979
0.43682156531596 0.648429646891454 0.5042850267145 0.327069914755952 0.391520602128783 0.367123602728551
0.192113301507183 0.485508503173806 0.651032516937113 0.438185484328747 0.581986068754747 0.401410885487019
0.584519508457784 0.55903537935598 0.523851358744182 0.359657297218124 0.391520602128783 0.419784609968591
0.711217919761901 0.349903001027765 0.347754370477047 0.375691890046923 0.391520602128783 0.442139322904221
0.605745762157615 0.58414907401578 0.562984022803545 0.527343839269194 0.581986068754747 0.54675287371267
0.640480204491652 0.648429646891454 0.543417690773863 0.310509587272358 0.391520602128783 0.399279658166942
0.600542631001451 0.224575149311336 0.308621706417684 0.375691890046923 0.581986068754747 0.414393192790973
0.305391216114487 0.324789306367965 0.631466184907431 0.665189270352692 0.581986068754747 0.581986068754549
0.28460433147867 0.40216800278285 0.651032516937113 0.359657297218124 0.581986068754747 0.362398351864826
0.550329520260324 0.639482041856968 0.602116686862909 0.375691890046923 0.581986068754747 0.430639229217386
0.589932263556444 0.40216800278285 0.445586030625455 0.391558578295532 0.581986068754747 0.43557360471039
0.43682156531596 0.40216800278285 0.709731513026158 0.512843681895435 0.391520602128783 0.506410895140053
0.377095361450157 0.46581266715163 0.680382014981635 0.483420332494312 0.581986068754747 0.472863757128102
0.505765644380061 0.695423340964778 0.62168301889259 0.742252735375008 0.581986068754747 0.685713229556781
0.45371743947425 0.491689224751558 0.562984022803545 0.375691890046923 0.743022326234652 0.405270693031877
0.484595619351981 0.58414907401578 0.553200856788705 0.512843681895435 0.581986068754747 0.51102712518219
0.388316404982483 0.690684924532531 0.484718694684818 0.293766269041321 0.391520602128783 0.333201027439352
0.635684698668103 0.540482816659079 0.582550354833227 0.597833520087582 0.743022326234652 0.603402445927009
0.352312464662174 0.603030426237071 0.484718694684818 0.359657297218124 0.391520602128783 0.370938872558743
0.377095361450157 0.576102082629966 0.602116686862909 0.483420332494312 0.581986068754747 0.470713257821491
0.477189801659812 0.613605484257039 0.797780007159725 0.597833520087582 0.391520602128783 0.585265942838877
0.418669130721792 0.444110564702777 0.699948347011317 0.483420332494312 0.743022326234652 0.48204040060498
0.525594452589857 0.773107437237533 0.396670200551251 0.438185484328747 0.391520602128783 0.461091710280323
0.649920542949551 0.654192699453542 0.533634524759023 0.407260841946035 0.391520602128783 0.469863369815553
0.610884250614597 0.610138416576983 0.396670200551251 0.375691890046923 0.391520602128783 0.430283199831274
0.625934686127748 0.54996081988826 0.5042850267145 0.407260841946035 0.581986068754747 0.460904524473629
0.427920084835637 0.41124256225057 0.49450186069966 0.327069914755952 0.581986068754747 0.359441635001435
0.584519508457784 0.659804074993891 0.651032516937113 0.597833520087582 0.743022326234652 0.599621328612734
0.192113301507183 0.311028405193941 0.699948347011317 0.839262169446543 0.391520602128783 0.686850407125996
0.620976564612699 0.382771003479972 0.396670200551251 0.483420332494312 0.581986068754747 0.504222236041528
0.418669130721792 0.617017076467987 0.377103868521569 0.391558578295532 0.391520602128783 0.401278870718161
0.610884250614597 0.280516448419147 0.484718694684818 0.742252735375008 0.743022326234652 0.689919092204997
0.377095361450157 0.372367966416746 0.523851358744182 0.359657297218124 0.391520602128783 0.373175680153926
0.512511627817166 0.372367966416746 0.308621706417684 0.438185484328747 0.391520602128783 0.444302594245291
0.640480204491652 0.41124256225057 0.406453366566092 0.498203424213467 0.743022326234652 0.519982016156893
0.322915370490717 0.296317747597367 0.474935528669978 0.407260841946035 0.158409710728996 0.391511653289594
0.562077421393132 0.741591499964718 0.5042850267145 0.611546327543722 0.391520602128783 0.598004909480389
0.649920542949551 0.472582123473375 0.406453366566092 0.69131500173334 0.581986068754747 0.661199938479274
0.531947045329097 0.444110564702777 0.367320702506729 0.625136148523405 0.391520602128783 0.586853451690328
0.659170108482798 0.40216800278285 0.465152362655137 0.468491592206549 0.581986068754747 0.505840490139461
0.377095361450157 0.41124256225057 0.660815682951954 0.293766269041321 0.391520602128783 0.335046084178571
0.445410418918533 0.372367966416746 0.602116686862909 0.638605169496458 0.581986068754747 0.590987456433618
0.28460433147867 0.419946626465527 0.651032516937113 0.375691890046923 0.581986068754747 0.374246268857206
0.531947045329097 0.695423340964778 0.445586030625455 0.422802053900328 0.581986068754747 0.452554072531408
0.625934686127748 0.361431212017732 0.308621706417684 0.343451208165685 0.581986068754747 0.399612656442954
0.589932263556444 0.224575149311336 0.416236532580933 0.611546327543722 0.743022326234652 0.587003315781606
0.398929531832399 0.55903537935598 0.49450186069966 0.375691890046923 0.581986068754747 0.391526854862923
0.685880283815454 0.26344974514516 0.543417690773863 0.651955519139038 0.581986068754747 0.643852997411019
0.484595619351981 0.623680742678747 0.719514679040999 0.343451208165685 0.391520602128783 0.400719810054423
0.28460433147867 0.491689224751558 0.543417690773863 0.570029898133436 0.581986068754747 0.508304368118821
0.519118473966017 0.599385551766182 0.602116686862909 0.541706552324988 0.391520602128783 0.541925309214985
0.491818492594122 0.472582123473375 0.758647343100362 0.422802053900328 0.391520602128783 0.457807474893288
0.723433817421218 0.458821222299351 0.367320702506729 0.570029898133436 0.743022326234652 0.58701309896939
0.567813641293532 0.719754576161821 0.455369196640296 0.827470243146482 0.581986068754747 0.750024367132548
0.305391216114487 0.54996081988826 0.210790046269275 0.327069914755952 0.391520602128783 0.320753440490524
0.567813641293532 0.509224029123142 0.426019698595774 0.570029898133436 0.391520602128783 0.559743469576671
0.544308650802436 0.711224640142999 0.514068192729341 0.422802053900328 0.391520602128783 0.459467642954519
0.567813641293532 0.554546372198067 0.455369196640296 0.597833520087582 0.581986068754747 0.582338279325
0.698707536329883 0.349903001027765 0.230356378298957 0.359657297218124 0.391520602128783 0.421215741484879
0.398929531832399 0.588061476707861 0.572767188818386 0.343451208165685 0.391520602128783 0.373755027983282
0.659170108482798 0.41124256225057 0.230356378298957 0.343451208165685 0.581986068754747 0.402916526412145
0.677140354559515 0.296317747597367 0.445586030625455 0.541706552324988 0.391520602128783 0.558297788395073
0.531947045329097 0.794757028920373 0.426019698595774 0.359657297218124 0.391520602128783 0.408517544448529
0.445410418918533 0.472582123473375 0.416236532580933 0.453414304800156 0.391520602128783 0.450014587859381
0.625934686127748 0.46581266715163 0.533634524759023 0.779362873016635 0.581986068754747 0.726511086986915
0.352312464662174 0.349903001027765 0.592333520848068 0.570029898133436 0.743022326234652 0.521882022036436
0.663726868164092 0.40216800278285 0.533634524759023 0.638605169496458 0.581986068754747 0.632299008869369
0.63083677827438 0.688275633764489 0.337971204462206 0.359657297218124 0.391520602128783 0.42119982714658
0.409023993817465 0.26344974514516 0.484718694684818 0.651955519139038 0.581986068754747 0.583737541539631
0.427920084835637 0.372367966416746 0.474935528669978 0.468491592206549 0.391520602128783 0.458426303271033
0.615960447455952 0.372367966416746 0.562984022803545 0.815585830205421 0.743022326234652 0.749986086830027
0.672710790972158 0.717653869865801 0.318404872432524 0.375691890046923 0.391520602128783 0.440723944005555
0.615960447455952 0.202110183922355 0.455369196640296 0.767093535678137 0.581986068754747 0.705224456233333
0.28460433147867 0.520160783522156 0.562984022803545 0.803607468361309 0.581986068754747 0.67691054353298
0.498871344396122 0.665271553134268 0.474935528669978 0.327069914755952 0.391520602128783 0.378469690959957
0.562077421393132 0.804809663333962 0.435802864610614 0.359657297218124 0.391520602128783 0.415483761576881
0.73142404797562 0.535580992403545 0.249922710328639 0.453414304800156 0.581986068754747 0.500160725013963
0.192113301507183 0.479143255436275 0.62168301889259 0.638605169496458 0.581986068754747 0.542679960889902
0.556250850642659 0.754406856510171 0.474935528669978 0.343451208165685 0.391520602128783 0.403897916549202
0.192113301507183 0.540482816659079 0.602116686862909 0.570029898133436 0.581986068754747 0.49391851500532
0.550329520260324 0.39268999955367 0.49450186069966 0.512843681895435 0.581986068754747 0.516758582889066
0.192113301507183 0.26344974514516 0.543417690773863 0.597833520087582 0.391520602128783 0.504147978336387
0.512511627817166 0.444110564702777 0.328188038447365 0.483420332494312 0.391520602128783 0.47935936193784
0.550329520260324 0.26344974514516 0.62168301889259 0.665189270352692 0.743022326234652 0.630171117300584
0.663726868164092 0.654192699453542 0.367320702506729 0.359657297218124 0.391520602128783 0.428899443586263
0.707081562063873 0.382771003479972 0.347754370477047 0.407260841946035 0.581986068754747 0.464571456862834
0.192113301507183 0.372367966416746 0.631466184907431 0.704210865804917 0.158409710728996 0.587732333916442
0.573463587501794 0.224575149311336 0.308621706417684 0.310509587272358 0.581986068754747 0.362298480957079
0.654568451364619 0.667953600627566 0.670598848966795 0.919331997345263 0.581986068754747 0.844903219219864
0.192113301507183 0.588061476707861 0.572767188818386 0.651955519139038 0.581986068754747 0.551761530402889
0.192113301507183 0.485508503173806 0.651032516937113 0.438185484328747 0.581986068754747 0.401410885487019
0.512511627817166 0.479143255436275 0.279272208373161 0.359657297218124 0.391520602128783 0.388869132838484
0.635684698668103 0.372367966416746 0.5042850267145 0.527343839269194 0.391520602128783 0.544705996718283
0.846123646424851 0.636414075770865 0 0.359657297218124 0.158409710728996 0.444206665357598
0.427920084835637 0.651330643537297 0.484718694684818 0.512843681895435 0.581986068754747 0.496893309961163
0.43682156531596 0.503537826431887 0.836912671219089 0.422802053900328 0.391520602128783 0.451849436248753
0.377095361450157 0.545274478181956 0.562984022803545 0.597833520087582 0.391520602128783 0.54943596555893
0.649920542949551 0.72795635518733 0.543417690773863 0.597833520087582 0.391520602128783 0.608188771293396
0.519118473966017 0.617017076467987 0.553200856788705 0.527343839269194 0.581986068754747 0.529180570087283
0.388316404982483 0.503537826431887 0.5042850267145 0.293766269041321 0.581986068754747 0.330183487149681
0.715321577441318 0.372367966416746 0.445586030625455 0.69131500173334 0.581986068754747 0.674655664896304
0.739297614039559 0.769827065391559 0.26948904235832 0.293766269041321 0.391520602128783 0.394122918191546
0.427920084835637 0.520160783522156 0.602116686862909 0.597833520087582 0.581986068754747 0.561581755511354
0.600542631001451 0.472582123473375 0.0836088880763445 0.391558578295532 0.391520602128783 0.418003493980074
0.525594452589857 0.688275633764489 0.484718694684818 0.422802053900328 0.391520602128783 0.453398564094899
0.377095361450157 0.509224029123142 0.602116686862909 0.375691890046923 0.581986068754747 0.392284159727002
0.505765644380061 0.639482041856968 0.641249350922272 0.791533660396896 0.581986068754747 0.720815016320121
0.305391216114487 0.530563820585382 0.553200856788705 0.293766269041321 0.158409710728996 0.316694406205385
0.635684698668103 0.202110183922355 0.367320702506729 0.583995479780231 0.581986068754747 0.573309782085479
0.63083677827438 0.280516448419147 0.406453366566092 0.651955519139038 0.581986068754747 0.624904992247511
0.377095361450157 0.324789306367965 0.61189985287775 0.803607468361309 0.391520602128783 0.6943662890635
0.43682156531596 0.40216800278285 0.572767188818386 0.422802053900328 0.391520602128783 0.434040244229333
0.605745762157615 0.567739443570937 0.38688703453641 0.583995479780231 0.581986068754747 0.576480423084794
0.672710790972158 0.595677285005747 0.572767188818386 0.327069914755952 0.391520602128783 0.418255672735855
0.694468179499826 0.563431823037589 0.367320702506729 0.597833520087582 0.581986068754747 0.603272996106074
0.512511627817166 0.580163538081921 0.426019698595774 0.438185484328747 0.391520602128783 0.455843526149834
0.505765644380061 0.69775363699367 0.484718694684818 0.468491592206549 0.391520602128783 0.482182923811792
0.192113301507183 0.39268999955367 0.660815682951954 0.343451208165685 0.391520602128783 0.332260184263229
0.477189801659812 0.554546372198067 0.377103868521569 0.375691890046923 0.391520602128783 0.400531661055437
0.445410418918533 0.580163538081921 0.5042850267145 0.343451208165685 0.391520602128783 0.379059883959021
0.192113301507183 0.66118414430582 0.38688703453641 0.375691890046923 0.391520602128783 0.345141371548198
0.365148174258755 0.372367966416746 0.5042850267145 0.391558578295532 0.581986068754747 0.392362469711967
0.388316404982483 0.472582123473375 0.719514679040999 0.638605169496458 0.391520602128783 0.588447067979232
0.305391216114487 0.491689224751558 0.62168301889259 0.453414304800156 0.581986068754747 0.433879841040981
0.685880283815454 0.224575149311336 0.230356378298957 0.391558578295532 0.391520602128783 0.438582152678374
0.63083677827438 0.280516448419147 0.416236532580933 0.803607468361309 0.882518277523544 0.7337900209143
0.668240019479871 0.349903001027765 0.38688703453641 0.729677933892271 0.743022326234652 0.688462631399383
0.365148174258755 0.55903537935598 0.308621706417684 0.453414304800156 0.391520602128783 0.429179195109855
0.525594452589857 0.40216800278285 0.5042850267145 0.359657297218124 0.391520602128783 0.403078608727883
0.754714273006435 0.444110564702777 0.38688703453641 0.570029898133436 0.743022326234652 0.594238937702189
0.544308650802436 0.626936072541684 0.582550354833227 0.375691890046923 0.391520602128783 0.427975613814532
0.649920542949551 0.72795635518733 0.543417690773863 0.597833520087582 0.391520602128783 0.608188771293396
0.192113301507183 0.610138416576983 0.778213675130044 0.422802053900328 0.158409710728996 0.400688154476744
0.398929531832399 0.479143255436275 0.758647343100362 0.570029898133436 0.743022326234652 0.544092959396389
0.727443840467692 0.361431212017732 0.406453366566092 0.896883366276698 0.882518277523544 0.821404967326761
0.25751433599895 0.535580992403545 0.602116686862909 0.555934402234205 0.581986068754747 0.497126952492769
0.491818492594122 0.46581266715163 0.768430509115203 0.422802053900328 0.391520602128783 0.458232612798312
0.305391216114487 0.55903537935598 0.699948347011317 0.767093535678137 0.743022326234652 0.664016041919342
0.645224959936402 0.26344974514516 0.445586030625455 0.779362873016635 0.743022326234652 0.720766883233387
0.445410418918533 0.520160783522156 0.592333520848068 0.468491592206549 0.391520602128783 0.472209899674857
0.409023993817465 0.41124256225057 0.0738257220615034 0.407260841946035 0.391520602128783 0.388080392664128
0.505765644380061 0.723894899735376 0.465152362655137 0.359657297218124 0.391520602128783 0.403884499085254
0.615960447455952 0.497695818133175 0.298838540402843 0.779362873016635 0.581986068754747 0.711357234108225
0.192113301507183 0.576102082629966 0.797780007159725 0.438185484328747 0.391520602128783 0.412068538445021
0.512511627817166 0.55903537935598 0.61189985287775 0.453414304800156 0.158409710728996 0.477192297776721
0.322915370490717 0.337715686068396 0.709731513026158 0.512843681895435 0.581986068754747 0.4816636115949
0.668240019479871 0.224575149311336 0.396670200551251 0.742252735375008 0.743022326234652 0.695227268457274
0.192113301507183 0.514762521407161 0.582550354833227 0.407260841946035 0.391520602128783 0.375944726426118
0.491818492594122 0.280516448419147 0.38688703453641 0.375691890046923 0.391520602128783 0.397996323145124
0.519118473966017 0.723894899735376 0.416236532580933 0.407260841946035 0.391520602128783 0.437735652005401
0.409023993817465 0.509224029123142 0.523851358744182 0.343451208165685 0.391520602128783 0.371184707142169
0.338354460429582 0.451592734660772 0.406453366566092 0.438185484328747 0.581986068754747 0.416185239461773
0.573463587501794 0.554546372198067 0.582550354833227 0.638605169496458 0.743022326234652 0.620100883676406
0.690192741085259 0.713389328424289 0.347754370477047 0.665189270352692 0.581986068754747 0.652692148909085
0.377095361450157 0.525425741497568 0.426019698595774 0.422802053900328 0.581986068754747 0.415923781518088
0.322915370490717 0.58414907401578 0.445586030625455 0.422802053900328 0.391520602128783 0.407295839436823
0.531947045329097 0.419946626465527 0.533634524759023 0.729677933892271 0.581986068754747 0.670769558973446
0.445410418918533 0.361431212017732 0.602116686862909 0.359657297218124 0.391520602128783 0.391520602128878
0.525594452589857 0.46581266715163 0.572767188818386 0.391558578295532 0.391520602128783 0.431311967721342
0.365148174258755 0.40216800278285 0.484718694684818 0.391558578295532 0.391520602128783 0.391874475415133
0.531947045329097 0.588061476707861 0.954310663397179 0.767093535678137 0.743022326234652 0.726003074962267
0.192113301507183 0.24489718244826 0.631466184907431 0.638605169496458 0.581986068754747 0.538037148122355
0.445410418918533 0.603030426237071 0.465152362655137 0.391558578295532 0.391520602128783 0.411623563330786
0.649920542949551 0.361431212017732 0.328188038447365 0.651955519139038 0.391520602128783 0.626005622658395
0.562077421393132 0.665271553134268 0.484718694684818 0.597833520087582 0.581986068754747 0.585359049040804
0.192113301507183 0.428309265524556 0.533634524759023 0.359657297218124 0.581986068754747 0.337140644859089
0.365148174258755 0.503537826431887 0.61189985287775 0.407260841946035 0.581986068754747 0.412834782326767
0.719393298585171 0.642506489223802 0.171657382209912 1.05766176753545 0.391520602128783 0.927023698082574
0.192113301507183 0.24489718244826 0.533634524759023 0.815585830205421 0.743022326234652 0.658676317030472
0.645224959936402 0.794757028920373 0.230356378298957 0.343451208165685 0.391520602128783 0.40860691426849
0.43682156531596 0.530563820585382 0.377103868521569 0.375691890046923 0.391520602128783 0.391735835592106
0.192113301507183 0.296317747597367 0.435802864610614 0.453414304800156 0.581986068754747 0.395401252704132
0.649920542949551 0.554546372198067 0.308621706417684 0.541706552324988 0.743022326234652 0.55041685711458
0.562077421393132 0.665271553134268 0.484718694684818 0.597833520087582 0.581986068754747 0.585359049040804
0.28460433147867 0.702339189303477 0.729297845055839 0.407260841946035 0.581986068754747 0.4076917181806
0.498871344396122 0.41124256225057 0.582550354833227 0.625136148523405 0.581986068754747 0.592023114469863
0.605745762157615 0.224575149311336 0.514068192729341 0.827470243146482 0.743022326234652 0.750210951831452
0.377095361450157 0.43635625691037 0.5042850267145 0.375691890046923 0.581986068754747 0.384901192943383
0.469586391421645 0.55903537935598 0.38688703453641 0.407260841946035 0.581986068754747 0.422197948148861
0.427920084835637 0.617017076467987 0.357537536491888 0.310509587272358 0.581986068754747 0.344135416064767
0.625934686127748 0.176996489262555 0.514068192729341 0.7547240393759 0.581986068754747 0.701327709822951
0.677140354559515 0.633301320279216 0.337971204462206 0.512843681895435 0.581986068754747 0.538856223873222
0.322915370490717 0.43635625691037 0.866262169263611 0.359657297218124 0.581986068754747 0.383671537736488
0.322915370490717 0.46581266715163 0.514068192729341 0.453414304800156 0.581986068754747 0.430554223846054
0.677140354559515 0.630142448216755 0.5042850267145 0.570029898133436 0.743022326234652 0.589419189066196
0.649920542949551 0.11565692803975 0.318404872432524 0.512843681895435 0.391520602128783 0.520601075776656
0.377095361450157 0.43635625691037 0.484718694684818 0.512843681895435 0.581986068754747 0.481702416950218
0.654568451364619 0.280516448419147 0.465152362655137 0.665189270352692 0.391520602128783 0.642668979870538
0.635684698668103 0.202110183922355 0.289055374388002 0.512843681895435 0.581986068754747 0.517885882239478
0.615960447455952 0.361431212017732 0.533634524759023 0.651955519139038 0.581986068754747 0.631150602118218
0.556250850642659 0.623680742678747 0.641249350922272 0.375691890046923 0.581986068754747 0.43380283406377
0.668240019479871 0.349903001027765 0.38688703453641 0.729677933892271 0.743022326234652 0.688462631399383
0.654568451364619 0.642506489223802 0.680382014981635 0.407260841946035 0.391520602128783 0.479193544462179
0.531947045329097 0.509224029123142 0.347754370477047 0.611546327543722 0.581986068754747 0.577446422013815
0.654568451364619 0.280516448419147 0.406453366566092 0.678308442196004 0.743022326234652 0.648582900108033
0.461768674741401 0.24489718244826 0.787996841144884 0.651955519139038 0.391520602128783 0.611973207891197
0.573463587501794 0.739696198913597 0.562984022803545 0.375691890046923 0.391520602128783 0.435302559472569
0.567813641293532 0.40216800278285 0.484718694684818 0.625136148523405 0.391520602128783 0.6001707085565
0.698707536329883 0.361431212017732 0.484718694684818 0.779362873016635 0.581986068754747 0.736199049886971
0.377095361450157 0.54996081988826 0.426019698595774 0.391558578295532 0.581986068754747 0.394156462275657
0.605745762157615 0.444110564702777 0.455369196640296 0.803607468361309 0.743022326234652 0.734603576890089
0.584519508457784 0.545274478181956 0.660815682951954 0.327069914755952 0.391520602128783 0.404267647446883
0.620976564612699 0.46581266715163 0.337971204462206 0.597833520087582 0.391520602128783 0.584329927574791
0.377095361450157 0.690684924532531 0.523851358744182 0.327069914755952 0.581986068754747 0.356993714637772
0.512511627817166 0.785746393891541 0.396670200551251 0.375691890046923 0.391520602128783 0.414063225248948
0.192113301507183 0.428309265524556 0.553200856788705 0.391558578295532 0.158409710728996 0.361076291635916
0.649920542949551 0.603030426237071 0.49450186069966 0.468491592206549 0.581986068754747 0.510150407138992
0.625934686127748 0.535580992403545 0.709731513026158 0.527343839269194 0.581986068754747 0.558441887225388
0.519118473966017 0.545274478181956 0.670598848966795 0.742252735375008 0.581986068754747 0.687980545675248
0.505765644380061 0.311028405193941 0.553200856788705 0.638605169496458 0.391520602128783 0.599093033796667
0.338354460429582 0.530563820585382 0.602116686862909 0.665189270352692 0.581986068754747 0.591588712134151
0.531947045329097 0.444110564702777 0.367320702506729 0.625136148523405 0.391520602128783 0.586853451690328
0.694468179499826 0.311028405193941 0.38688703453641 0.391558578295532 0.391520602128783 0.451481064597554
0.445410418918533 0.623680742678747 0.514068192729341 0.527343839269194 0.581986068754747 0.511940568224255
0.579031039457725 0.444110564702777 0.426019698595774 0.625136148523405 0.743022326234652 0.599945103792836
0.365148174258755 0.673218558602978 0.533634524759023 0.468491592206549 0.391520602128783 0.455738161736386
0.649920542949551 0.382771003479972 0.171657382209912 0.438185484328747 0.743022326234652 0.464592273863434
0.512511627817166 0.311028405193941 0.5042850267145 0.293766269041321 0.581986068754747 0.351311611154468
0.469586391421645 0.599385551766182 0.523851358744182 0.359657297218124 0.391520602128783 0.397162057009645
0.640480204491652 0.296317747597367 0.484718694684818 0.422802053900328 0.581986068754747 0.468177956683039
0.192113301507183 0.591903381808187 0.670598848966795 0.327069914755952 0.391520602128783 0.325574974092907
0.469586391421645 0.794757028920373 0.347754370477047 0.327069914755952 0.391520602128783 0.367873806856035
0.377095361450157 0.41124256225057 0.73908101107068 0.611546327543722 0.581986068754747 0.56661067119703
0.192113301507183 0.514762521407161 0.553200856788705 0.327069914755952 0.581986068754747 0.316944898000843
0.600542631001451 0.337715686068396 0.357537536491888 0.453414304800156 0.391520602128783 0.475302588589129
0.567813641293532 0.680879980327997 0.592333520848068 0.293766269041321 0.391520602128783 0.376052898845352
0.445410418918533 0.576102082629966 0.416236532580933 0.375691890046923 0.391520602128783 0.396811943403535
0.25751433599895 0.58414907401578 0.690165180996476 0.638605169496458 0.581986068754747 0.562435646148697
0.544308650802436 0.648429646891454 0.523851358744182 0.453414304800156 0.391520602128783 0.480507706726036
0.690192741085259 0.361431212017732 0.49450186069966 0.527343839269194 0.743022326234652 0.555041667407852
0.620976564612699 0.673218558602978 0.514068192729341 0.407260841946035 0.581986068754747 0.463211838697087
0.579031039457725 0.514762521407161 0.523851358744182 0.327069914755952 0.391520602128783 0.394401270566863
0.484595619351981 0.606614039404761 0.543417690773863 0.583995479780231 0.391520602128783 0.56176793053746
0.635684698668103 0.419946626465527 0.543417690773863 0.468491592206549 0.581986068754747 0.506037835342096
0.672710790972158 0.651330643537297 0.171657382209912 0.704210865804917 0.882518277523544 0.665233642129657
0.498871344396122 0.606614039404761 0.289055374388002 0.327069914755952 0.391520602128783 0.36621972310203
0.567813641293532 0.458821222299351 0.426019698595774 0.343451208165685 0.391520602128783 0.396799162921979
0.600542631001451 0.46581266715163 0.445586030625455 0.483420332494312 0.391520602128783 0.504770209075705
0.677140354559515 0.41124256225057 0.279272208373161 0.583995479780231 0.581986068754747 0.581269513147204
0.615960447455952 0.43635625691037 0.396670200551251 0.359657297218124 0.581986068754747 0.415998544299632
0.418669130721792 0.580163538081921 0.543417690773863 0.310509587272358 0.391520602128783 0.352364249425636
0.672710790972158 0.525425741497568 0.396670200551251 0.638605169496458 0.581986068754747 0.628820298333081
0.579031039457725 0.509224029123142 0.416236532580933 0.611546327543722 0.581986068754747 0.591114028712845
0.743192213455483 0.311028405193941 0.201006880254434 0.704210865804917 0.743022326234652 0.673804213883107
0.645224959936402 0.202110183922355 0.38688703453641 0.742252735375008 0.743022326234652 0.689440694556551
0.649920542949551 0.479143255436275 0.602116686862909 0.453414304800156 0.581986068754747 0.502957701603508
0.418669130721792 0.73585429381327 0.445586030625455 0.359657297218124 0.391520602128783 0.385174389220697
0.589932263556444 0.525425741497568 0.699948347011317 0.779362873016635 0.743022326234652 0.730262397249495
0.635684698668103 0.224575149311336 0.455369196640296 0.7547240393759 0.743022326234652 0.700927365430553
0.531947045329097 0.540482816659079 0.396670200551251 0.729677933892271 0.581986068754747 0.665391619942386
0.735375095276021 0.382771003479972 0.357537536491888 0.327069914755952 0.581986068754747 0.41366582964009
0.73142404797562 0.472582123473375 0.279272208373161 0.310509587272358 0.581986068754747 0.398423192901454
0.491818492594122 0.514762521407161 0.514068192729341 0.611546327543722 0.581986068754747 0.579148576108358
0.562077421393132 0.642506489223802 0.455369196640296 0.597833520087582 0.581986068754747 0.583124002479456
0.322915370490717 0.630142448216755 0.533634524759023 0.359657297218124 0.158409710728996 0.368406443269584
0.635684698668103 0.382771003479972 0.435802864610614 0.570029898133436 0.743022326234652 0.571392256445871
0.595272354336887 0.349903001027765 0.38688703453641 0.359657297218124 0.391520602128783 0.409262598347693
0.322915370490717 0.693067295287366 0.347754370477047 0.359657297218124 0.391520602128783 0.35886520836285
0.28460433147867 0.617017076467987 0.748864177085521 0.438185484328747 0.391520602128783 0.429028963393719
0.550329520260324 0.613605484257039 0.445586030625455 0.483420332494312 0.581986068754747 0.497786574141474
0.694468179499826 0.458821222299351 0.308621706417684 0.729677933892271 0.581986068754747 0.691649279334306
0.600542631001451 0.148524930491957 0.377103868521569 0.651955519139038 0.743022326234652 0.614036673584934
0.322915370490717 0.688275633764489 0.709731513026158 0.375691890046923 0.391520602128783 0.391520602128793
0.654568451364619 0.509224029123142 0.201006880254434 0.359657297218124 0.391520602128783 0.414004152986528
0.322915370490717 0.311028405193941 0.445586030625455 0.391558578295532 0.391520602128783 0.378897048940826
0.620976564612699 0.58414907401578 0.602116686862909 0.541706552324988 0.581986068754747 0.562431514522173
0.525594452589857 0.55903537935598 0.592333520848068 0.327069914755952 0.581986068754747 0.388483299970811
0.525594452589857 0.756176326950194 0.553200856788705 0.359657297218124 0.391520602128783 0.413845331810478
0.615960447455952 0.296317747597367 0.377103868521569 0.375691890046923 0.581986068754747 0.423178544796634
0.512511627817166 0.479143255436275 0.279272208373161 0.359657297218124 0.391520602128783 0.388869132838484
0.567813641293532 0.793281452343995 0.484718694684818 0.375691890046923 0.391520602128783 0.430732464650603
0.512511627817166 0.497695818133175 0.514068192729341 0.359657297218124 0.391520602128783 0.403105375628375
0.398929531832399 0.296317747597367 0.484718694684818 0.527343839269194 0.391520602128783 0.493406889223657
0.723433817421218 0.554546372198067 0.435802864610614 0.293766269041321 0 0.395871320240997
0.192113301507183 0.479143255436275 0.62168301889259 0.638605169496458 0.581986068754747 0.542679960889902
0.556250850642659 0.530563820585382 0.49450186069966 0.293766269041321 0.391520602128783 0.364578089162901
0.556250850642659 0.41124256225057 0.426019698595774 0.541706552324988 0.581986068754747 0.53496577641788
0.562077421393132 0.741591499964718 0.484718694684818 0.665189270352692 0.158409710728996 0.635164525433179
0.672710790972158 0.361431212017732 0.435802864610614 0.375691890046923 0.391520602128783 0.439699115932235
0.388316404982483 0.713389328424289 0.807563173174566 0.850963037492175 0.391520602128783 0.750660543955796
0.600542631001451 0.311028405193941 0.367320702506729 0.375691890046923 0.391520602128783 0.419775012127217
0.192113301507183 0.444110564702777 0.592333520848068 0.359657297218124 0.391520602128783 0.340948409522171
0.649920542949551 0.337715686068396 0.396670200551251 0.597833520087582 0.581986068754747 0.590855281970997
0.605745762157615 0.382771003479972 0.328188038447365 0.583995479780231 0.581986068754747 0.568903784336409
0.377095361450157 0.55903537935598 0.396670200551251 0.453414304800156 0.391520602128783 0.436807825311252
0.584519508457784 0.514762521407161 0.582550354833227 0.704210865804917 0.391520602128783 0.668332441795804
0.73142404797562 0.419946626465527 0.367320702506729 0.704210865804917 0.391520602128783 0.683613629323512
0.512511627817166 0.554546372198067 0.445586030625455 0.391558578295532 0.391520602128783 0.423124004313051
0.418669130721792 0.540482816659079 0.748864177085521 0.483420332494312 0.391520602128783 0.487067250620285
0.519118473966017 0.509224029123142 0.337971204462206 0.422802053900328 0.391520602128783 0.439444820644528
0.538183047010328 0.715532260676347 0.445586030625455 0.69131500173334 0.743022326234652 0.64604892416909
0.409023993817465 0.46581266715163 0.582550354833227 0.438185484328747 0.391520602128783 0.441332025887199
0.645224959936402 0.563431823037589 0.220573212284116 0.407260841946035 0.581986068754747 0.448449791982602
0.498871344396122 0.645488635238585 0.240139544313798 0.327069914755952 0.391520602128783 0.364206037091299
