0.672710790972158 0.202110183922355 0.514068192729341 0.498203424213467 0.158409710728996 0.517848638902328
0.525594452589857 0.654192699453542 0.582550354833227 0.375691890046923 0.581986068754747 0.424345296335433
0.192113301507183 0.41124256225057 0.602116686862909 0.611546327543722 0.581986068754747 0.505894368520932
0.685880283815454 0.372367966416746 0.328188038447365 0.611546327543722 0.743022326234652 0.59357457104201
0.477189801659812 0.711224640142999 0.347754370477047 0.391558578295532 0.581986068754747 0.413586136424274
0.192113301507183 0.479143255436275 0.455369196640296 0.407260841946035 0.391520602128783 0.365381371981114
0.43682156531596 0.503537826431887 0.543417690773863 0.555934402234205 0.391520602128783 0.529475497557217
0.469586391421645 0.372367966416746 0.474935528669978 0.483420332494312 0.581986068754747 0.476146597945572
0.377095361450157 0.620374940578785 0.308621706417684 0.391558578295532 0.391520602128783 0.389638498243352
0.469586391421645 0.58414907401578 0.61189985287775 0.453414304800156 0.391520602128783 0.470991169084757
0.305391216114487 0.535580992403545 0.62168301889259 0.583995479780231 0.581986068754747 0.524818224319273
0.388316404982483 0.349903001027765 0.602116686862909 0.638605169496458 0.581986068754747 0.572846384594853
0.567813641293532 0.745332297042451 0.406453366566092 0.375691890046923 0.391520602128783 0.422528153515042
0.677140354559515 0.58414907401578 0.337971204462206 0.438185484328747 0.581986068754747 0.476864091648443
0.365148174258755 0.610138416576983 0.474935528669978 0.343451208165685 0.391520602128783 0.36403141045224
0.398929531832399 0.26344974514516 0.719514679040999 0.625136148523405 0.158409710728996 0.569755701164172
0.418669130721792 0.40216800278285 0.533634524759023 0.483420332494312 0.743022326234652 0.47119254176463
0.491818492594122 0.46581266715163 0.768430509115203 0.422802053900328 0.391520602128783 0.45799097235563
0.477189801659812 0.554546372198067 0.572767188818386 0.453414304800156 0.581986068754747 0.469098192409943
0.25751433599895 0.280516448419147 0.699948347011317 0.651955519139038 0.391520602128783 0.551695613164627
0.625934686127748 0.337715686068396 0.514068192729341 0.597833520087582 0.743022326234652 0.586974810073533
0.192113301507183 0.337715686068396 0.445586030625455 0.359657297218124 0.581986068754747 0.3283415704853
0.25751433599895 0.514762521407161 0.523851358744182 0.570029898133436 0.581986068754747 0.496142071264699
0.668240019479871 0.224575149311336 0.210790046269275 0.583995479780231 0.743022326234652 0.55244254000927
0.484595619351981 0.567739443570937 0.758647343100362 0.791533660396896 0.581986068754747 0.71711975900037
0.556250850642659 0.54996081988826 0.298838540402843 0.453414304800156 0.581986068754747 0.463399868529441
0.418669130721792 0.382771003479972 0.465152362655137 0.422802053900328 0.581986068754747 0.423469492571983
0.550329520260324 0.678356637690792 0.572767188818386 0.293766269041321 0.391520602128783 0.365569217592096
0.525594452589857 0.723894899735376 0.465152362655137 0.438185484328747 0.391520602128783 0.464894943252265
0.388316404982483 0.545274478181956 0.641249350922272 0.815585830205421 0.882518277523544 0.70058566933201
0.28460433147867 0.761398301362449 0.651032516937113 0.438185484328747 0.391520602128783 0.428668219071235
0.649920542949551 0.324789306367965 0.347754370477047 0.189224483672455 0 0.271527676650427
0.192113301507183 0.509224029123142 0.5042850267145 0.651955519139038 0.581986068754747 0.528714366472534
0.723433817421218 0.525425741497568 0.357537536491888 0.422802053900328 0.581986068754747 0.472447354608595
0.322915370490717 0.591903381808187 0.396670200551251 0.583995479780231 0.581986068754747 0.515123149550895
0.388316404982483 0.444110564702777 0.602116686862909 0.453414304800156 0.743022326234652 0.449783736965537
0.649920542949551 0.535580992403545 0.660815682951954 0.310509587272358 0.391520602128783 0.394854714986382
0.352312464662174 0.680879980327997 0.690165180996476 0.375691890046923 0.391520602128783 0.398926533327646
0.491818492594122 0.202110183922355 0.347754370477047 0.422802053900328 0.581986068754747 0.421062747767388
0.377095361450157 0.545274478181956 0.426019698595774 0.422802053900328 0.391520602128783 0.418009744425304
0.531947045329097 0.659804074993891 0.318404872432524 0.310509587272358 0.581986068754747 0.359122936667143
0.719393298585171 0.176996489262555 0.455369196640296 0.597833520087582 0.391520602128783 0.590726919044306
0.584519508457784 0.324789306367965 0.367320702506729 0.375691890046923 0.581986068754747 0.409446701473579
0.735375095276021 0.41124256225057 0.191223714239594 0.827470243146482 0.581986068754747 0.735827435703748
0.654568451364619 0.382771003479972 0.308621706417684 0.327069914755952 0.581986068754747 0.381393308230442
0.640480204491652 0.479143255436275 0.455369196640296 0.453414304800156 0.581986068754747 0.487623616546875
0.610884250614597 0.610138416576983 0.396670200551251 0.375691890046923 0.391520602128783 0.425124756305099
0.498871344396122 0.472582123473375 0.318404872432524 0.375691890046923 0.391520602128783 0.396795086362298
0.698707536329883 0.645488635238585 0.289055374388002 0.527343839269194 0.391520602128783 0.542699948778972
0.491818492594122 0.688275633764489 0.377103868521569 0.327069914755952 0.391520602128783 0.370053085494309
0.388316404982483 0.563431823037589 0.523851358744182 0.541706552324988 0.743022326234652 0.510012174816779
0.556250850642659 0.620374940578785 0.641249350922272 0.343451208165685 0.391520602128783 0.407405327045439
0.491818492594122 0.491689224751558 0.514068192729341 0.375691890046923 0.391520602128783 0.409613685435912
0.305391216114487 0.685838807648787 0.680382014981635 0.963255504120144 0.882518277523544 0.780786262595335
0.398929531832399 0.24489718244826 0.62168301889259 0.570029898133436 0.581986068754747 0.525458379810465
0.584519508457784 0.296317747597367 0.357537536491888 0.453414304800156 0.581986068754747 0.463886336153236
0.398929531832399 0.571961759056411 0.699948347011317 0.625136148523405 0.581986068754747 0.581174863492199
0.600542631001451 0.535580992403545 0.49450186069966 0.791533660396896 0.743022326234652 0.721628334205637
0.694468179499826 0.311028405193941 0.38688703453641 0.391558578295532 0.391520602128783 0.439199680253989
0.491818492594122 0.779520551169971 0.5042850267145 0.375691890046923 0.391520602128783 0.417012451915099
0.645224959936402 0.382771003479972 0.357537536491888 0.527343839269194 0.391520602128783 0.530430542923852
0.512511627817166 0.777935265322165 0.5042850267145 0.343451208165685 0.391520602128783 0.396316208208007
0.192113301507183 0.280516448419147 0.670598848966795 0.327069914755952 0.391520602128783 0.31595365951112
0.525594452589857 0.756176326950194 0.553200856788705 0.359657297218124 0.391520602128783 0.413215826830921
0.427920084835637 0.497695818133175 0.787996841144884 0.422802053900328 0.391520602128783 0.447990734170344
0.484595619351981 0.599385551766182 0.523851358744182 0.391558578295532 0.581986068754747 0.42385301612611
0.427920084835637 0.610138416576983 0.61189985287775 0.570029898133436 0.581986068754747 0.545477060801394
0.305391216114487 0.595677285005747 0.553200856788705 0.498203424213467 0.391520602128783 0.464474034158962
0.600542631001451 0.54996081988826 0.61189985287775 0.555934402234205 0.581986068754747 0.567914239596656
0.305391216114487 0.554546372198067 0.758647343100362 0.625136148523405 0.158409710728996 0.561416211161632
0.28460433147867 0.54996081988826 0.651032516937113 0.597833520087582 0.391520602128783 0.531088110561762
0.610884250614597 0.337715686068396 0.26948904235832 0.343451208165685 0.581986068754747 0.382557631191052
0.620976564612699 0.571961759056411 0.709731513026158 0.512843681895435 0.581986068754747 0.547538865498006
0.584519508457784 0.503537826431887 0.523851358744182 0.327069914755952 0.581986068754747 0.389196073483006
0.550329520260324 0.639482041856968 0.62168301889259 0.359657297218124 0.391520602128783 0.41826179395654
0.45371743947425 0.659804074993891 0.455369196640296 0.343451208165685 0.391520602128783 0.38023898170983
0.338354460429582 0.361431212017732 0.484718694684818 0.391558578295532 0.158409710728996 0.386122258582976
0.654568451364619 0.361431212017732 0.289055374388002 0.651955519139038 0.581986068754747 0.611505303715038
0.192113301507183 0.26344974514516 0.719514679040999 0.583995479780231 0.391520602128783 0.489024824281711
0.427920084835637 0.530563820585382 0.523851358744182 0.327069914755952 0.391520602128783 0.364166426575067
0.562077421393132 0.651330643537297 0.455369196640296 0.422802053900328 0.581986068754747 0.45734388383098
0.615960447455952 0.382771003479972 0.572767188818386 0.678308442196004 0.581986068754747 0.647311237270413
0.690192741085259 0.41124256225057 0.474935528669978 0.729677933892271 0.743022326234652 0.690583605900485
0.484595619351981 0.40216800278285 0.572767188818386 0.302161054404645 0.158409710728996 0.353838720749961
0.469586391421645 0.651330643537297 0.328188038447365 0.359657297218124 0.391520602128783 0.385974683663217
0.672710790972158 0.620374940578785 0.289055374388002 0.527343839269194 0.581986068754747 0.53750703462165
0.418669130721792 0.444110564702777 0.690165180996476 0.453414304800156 0.391520602128783 0.461053469448357
0.659170108482798 0.40216800278285 0.465152362655137 0.468491592206549 0.581986068754747 0.499647874363357
0.690192741085259 0.717653869865801 0.318404872432524 0.453414304800156 0.391520602128783 0.492474450063929
0.192113301507183 0.58414907401578 0.719514679040999 0.555934402234205 0.581986068754747 0.482732810344361
0.28460433147867 0.685838807648787 0.660815682951954 0.407260841946035 0.581986068754747 0.405556610194062
0.625934686127748 0.41124256225057 0.259705876343479 0.327069914755952 0.743022326234652 0.374242917516379
0.654568451364619 0.670602329898385 0.230356378298957 0.375691890046923 0.581986068754747 0.420118912145686
0.192113301507183 0.280516448419147 0.797780007159725 0.665189270352692 0.158409710728996 0.546498075594257
0.525594452589857 0.797677896025604 0.445586030625455 0.407260841946035 0.391520602128783 0.442875227654689
0.305391216114487 0.324789306367965 0.631466184907431 0.665189270352692 0.581986068754747 0.570928424980947
0.625934686127748 0.39268999955367 0.465152362655137 0.375691890046923 0.391520602128783 0.425312781465864
0.645224959936402 0.419946626465527 0.308621706417684 0.343451208165685 0.581986068754747 0.393703340990134
0.377095361450157 0.509224029123142 0.484718694684818 0.391558578295532 0.581986068754747 0.398686043567374
0.525594452589857 0.46581266715163 0.455369196640296 0.343451208165685 0.581986068754747 0.386860661298236
0.600542631001451 0.24489718244826 0.474935528669978 0.665189270352692 0.581986068754747 0.621089643469446
0.544308650802436 0.311028405193941 0.543417690773863 0.310509587272358 0.391520602128783 0.364963259286995
0.477189801659812 0.73194189112119 0.5042850267145 0.375691890046923 0.391520602128783 0.413222584285403
0.562077421393132 0.711224640142999 0.631466184907431 0.375691890046923 0.391520602128783 0.434928645696716
0.615960447455952 0.349903001027765 0.367320702506729 0.651955519139038 0.391520602128783 0.61117962148213
0.388316404982483 0.361431212017732 0.680382014981635 0.422802053900328 0.158409710728996 0.429659439692028
0.723433817421218 0.688275633764489 0.836912671219089 0.665189270352692 0.581986068754747 0.688250415612946
0.445410418918533 0.623680742678747 1.07170865557527 0.862574242832827 0.158409710728996 0.777122648243519
0.579031039457725 0.576102082629966 0.49450186069966 0.570029898133436 0.391520602128783 0.566534635853952
0.25751433599895 0.472582123473375 0.729297845055839 0.827470243146482 0.581986068754747 0.674903803138147
0.600542631001451 0.472582123473375 0.0836088880763445 0.391558578295532 0.391520602128783 0.400669590576266
0.352312464662174 0.514762521407161 0.533634524759023 0.422802053900328 0.581986068754747 0.418991688581023
0.28460433147867 0.491689224751558 0.543417690773863 0.570029898133436 0.581986068754747 0.503679278805382
0.512511627817166 0.148524930491957 0.62168301889259 0.651955519139038 0.158409710728996 0.5993985407793
0.365148174258755 0.595677285005747 0.778213675130044 0.69131500173334 0.581986068754747 0.623503515914181
0.461768674741401 0.571961759056411 0.670598848966795 0.512843681895435 0.391520602128783 0.515022719651276
0.352312464662174 0.678356637690792 0.690165180996476 0.407260841946035 0.391520602128783 0.421674568046521
0.702911709950465 0.704595506277333 0.347754370477047 0.310509587272358 0.391520602128783 0.387810425728318
0.562077421393132 0.793281452343995 0.38688703453641 0.375691890046923 0.391520602128783 0.421403007606341
0.192113301507183 0.444110564702777 0.62168301889259 0.767093535678137 0.581986068754747 0.607180127090984
0.469586391421645 0.444110564702777 0.699948347011317 0.375691890046923 0.581986068754747 0.414798991829462
0.595272354336887 0.349903001027765 0.38688703453641 0.359657297218124 0.391520602128783 0.401608376403088
0.192113301507183 0.576102082629966 0.670598848966795 0.678308442196004 0.391520602128783 0.558940029045729
0.491818492594122 0.46581266715163 0.768430509115203 0.422802053900328 0.391520602128783 0.45799097235563
0.640480204491652 0.451592734660772 0.26948904235832 0.375691890046923 0.391520602128783 0.414960515880115
0.63083677827438 0.382771003479972 0.592333520848068 0.716997902722186 0.743022326234652 0.678299539382586
0.505765644380061 0.678356637690792 0.396670200551251 0.343451208165685 0.391520602128783 0.385729650210164
0.192113301507183 0.24489718244826 0.660815682951954 0.69131500173334 0.581986068754747 0.553088668395153
0.398929531832399 0.428309265524556 0.572767188818386 0.407260841946035 0.391520602128783 0.416922330884941
0.649920542949551 0.280516448419147 0.240139544313798 0.527343839269194 0.743022326234652 0.516006895414746
0.584519508457784 0.752622578614028 0.38688703453641 0.359657297218124 0.391520602128783 0.411976616075389
0.25751433599895 0.509224029123142 0.660815682951954 0.422802053900328 0.391520602128783 0.40508178216989
0.192113301507183 0.296317747597367 0.582550354833227 0.583995479780231 0.158409710728996 0.482304860585336
0.556250850642659 0.545274478181956 0.562984022803545 0.468491592206549 0.581986068754747 0.493604981316488
0.538183047010328 0.645488635238585 0.49450186069966 0.407260841946035 0.391520602128783 0.444262273880667
0.659170108482798 0.591903381808187 0.230356378298957 0.327069914755952 0.581986068754747 0.38197564798857
0.690192741085259 0.324789306367965 0.377103868521569 0.638605169496458 0.581986068754747 0.615417222733095
0.398929531832399 0.43635625691037 0.748864177085521 0.716997902722186 0.391520602128783 0.641053004598426
0.388316404982483 0.73194189112119 0.337971204462206 0.422802053900328 0.391520602128783 0.419046870817133
0.461768674741401 0.719754576161821 0.572767188818386 0.375691890046923 0.391520602128783 0.414307565967046
0.365148174258755 0.571961759056411 0.562984022803545 0.375691890046923 0.391520602128783 0.391520602128618
0.192113301507183 0.26344974514516 0.709731513026158 0.583995479780231 0.391520602128783 0.488464443155656
0.573463587501794 0.757931233682393 0.445586030625455 0.375691890046923 0.391520602128783 0.426487859333811
0.322915370490717 0.688275633764489 0.709731513026158 0.375691890046923 0.391520602128783 0.394066265374741
0.75089998515248 0.39268999955367 0.357537536491888 0.625136148523405 0.581986068754747 0.618030563249
0.398929531832399 0.428309265524556 0.729297845055839 0.742252735375008 0.391520602128783 0.656254015446055
0.562077421393132 0.311028405193941 0.484718694684818 0.625136148523405 0.581986068754747 0.590324520915761
0.531947045329097 0.799123460642706 0.347754370477047 0.638605169496458 0.581986068754747 0.599963906168995
0.192113301507183 0.509224029123142 0.553200856788705 0.293766269041321 0.581986068754747 0.29386893806955
0.43682156531596 0.606614039404761 0.465152362655137 0.422802053900328 0.391520602128783 0.434124792997164
0.418669130721792 0.620374940578785 0.406453366566092 0.375691890046923 0.581986068754747 0.393293510467451
0.677140354559515 0.58414907401578 0.337971204462206 0.438185484328747 0.581986068754747 0.476864091648443
0.640480204491652 0.530563820585382 0.572767188818386 0.597833520087582 0.581986068754747 0.601698126255026
0.668240019479871 0.324789306367965 0.337971204462206 0.597833520087582 0.882518277523544 0.579693341367058
0.677140354559515 0.576102082629966 0.533634524759023 0.453414304800156 0.391520602128783 0.502330828235036
0.640480204491652 0.24489718244826 0.514068192729341 0.498203424213467 0.581986068754747 0.514633190973935
0.512511627817166 0.70682819646139 0.915177999337816 0.665189270352692 0.391520602128783 0.651608494823043
0.605745762157615 0.576102082629966 0.62168301889259 0.327069914755952 0.391520602128783 0.400249416671623
0.645224959936402 0.70682819646139 0.377103868521569 0.375691890046923 0.391520602128783 0.431780466497939
0.28460433147867 0.46581266715163 0.846695837233929 0.407260841946035 0.391520602128783 0.408664590101081
0.45371743947425 0.419946626465527 0.602116686862909 0.468491592206549 0.743022326234652 0.472627910616452
0.579031039457725 0.662555338512571 0.562984022803545 0.375691890046923 0.391520602128783 0.432376305188015
0.377095361450157 0.73194189112119 0.435802864610614 0.359657297218124 0.391520602128783 0.378728164479476
0.377095361450157 0.55903537935598 0.670598848966795 0.651955519139038 0.581986068754747 0.591870040804468
0.635684698668103 0.43635625691037 0.249922710328639 0.651955519139038 0.581986068754747 0.607107357601507
0.63083677827438 0.603030426237071 0.514068192729341 0.729677933892271 0.581986068754747 0.689924517259942
0.640480204491652 0.40216800278285 0.416236532580933 0.729677933892271 0.581986068754747 0.675542253026926
0.659170108482798 0.688275633764489 0.514068192729341 0.704210865804917 0.743022326234652 0.680927038958378
0.640480204491652 0.372367966416746 0.337971204462206 0.527343839269194 0.391520602128783 0.527516483957296
0.418669130721792 0.444110564702777 0.553200856788705 0.359657297218124 0.581986068754747 0.385641250423291
0.63083677827438 0.382771003479972 0.592333520848068 0.716997902722186 0.743022326234652 0.678299539382586
0.192113301507183 0.525425741497568 0.592333520848068 0.570029898133436 0.391520602128783 0.48250166453855
0.723433817421218 0.40216800278285 0.337971204462206 0.512843681895435 0.743022326234652 0.532323537274152
0.610884250614597 0.337715686068396 0.26948904235832 0.343451208165685 0.581986068754747 0.382557631191052
0.25751433599895 0.428309265524556 0.582550354833227 0.422802053900328 0.581986068754747 0.398152642976256
0.498871344396122 0.472582123473375 0.445586030625455 0.541706552324988 0.581986068754747 0.52408700943318
0.645224959936402 0.337715686068396 0.484718694684818 0.359657297218124 0.391520602128783 0.415451671220606
0.550329520260324 0.725935297739573 0.435802864610614 0.527343839269194 0.581986068754747 0.531308479055633
0.192113301507183 0.683373809508954 0.73908101107068 0.839262169446543 0.743022326234652 0.669242863969955
0.550329520260324 0.73585429381327 0.484718694684818 0.483420332494312 0.391520602128783 0.50380843190921
0.192113301507183 0.444110564702777 0.954310663397179 0.791533660396896 0.581986068754747 0.643267091385012
0.681529829124736 0.176996489262555 0.347754370477047 0.704210865804917 0.581986068754747 0.647946600340513
0.702911709950465 0.41124256225057 0.347754370477047 0.293766269041321 0.391520602128783 0.366267824466188
0.365148174258755 0.311028405193941 0.62168301889259 0.555934402234205 0.391520602128783 0.511509786981439
0.711217919761901 0.428309265524556 0.347754370477047 0.791533660396896 0.743022326234652 0.725916931878624
0.418669130721792 0.580163538081921 0.553200856788705 0.498203424213467 0.581986068754747 0.488842933544647
0.573463587501794 0.39268999955367 0.406453366566092 0.583995479780231 0.581986068754747 0.561583073506461
0.388316404982483 0.46581266715163 0.680382014981635 0.597833520087582 0.158409710728996 0.555126154835141
0.418669130721792 0.675803074663158 0.631466184907431 0.359657297218124 0.581986068754747 0.396723824963643
0.418669130721792 0.444110564702777 0.514068192729341 0.512843681895435 0.581986068754747 0.491848186504499
0.519118473966017 0.503537826431887 0.641249350922272 0.597833520087582 0.391520602128783 0.58199116747723
0.562077421393132 0.606614039404761 0.641249350922272 0.438185484328747 0.391520602128783 0.479287034945146
0.615960447455952 0.769827065391559 0.602116686862909 0.527343839269194 0.391520602128783 0.556506779236822
0.605745762157615 0.428309265524556 0.660815682951954 0.407260841946035 0.391520602128783 0.459057597784484
0.600542631001451 0.39268999955367 0.553200856788705 0.498203424213467 0.391520602128783 0.516846679154414
0.519118473966017 0.617017076467987 0.553200856788705 0.527343839269194 0.581986068754747 0.530497786792275
0.461768674741401 0.349903001027765 0.474935528669978 0.327069914755952 0.581986068754747 0.361452224435329
0.505765644380061 0.311028405193941 0.553200856788705 0.638605169496458 0.391520602128783 0.593290245385103
0.556250850642659 0.665271553134268 0.474935528669978 0.375691890046923 0.581986068754747 0.423140279943226
0.512511627817166 0.576102082629966 0.62168301889259 0.468491592206549 0.391520602128783 0.490301098689074
0.498871344396122 0.41124256225057 0.582550354833227 0.625136148523405 0.581986068754747 0.589149079960161
0.615960447455952 0.43635625691037 0.396670200551251 0.359657297218124 0.581986068754747 0.408535277966784
0.654568451364619 0.324789306367965 0.396670200551251 0.791533660396896 0.882518277523544 0.714621696611504
0.377095361450157 0.623680742678747 0.465152362655137 0.327069914755952 0.391520602128783 0.354066355444622
0.192113301507183 0.509224029123142 0.553200856788705 0.293766269041321 0.581986068754747 0.29386893806955
0.491818492594122 0.788792445186082 0.435802864610614 0.438185484328747 0.391520602128783 0.458441985696562
0.43682156531596 0.648429646891454 0.5042850267145 0.327069914755952 0.391520602128783 0.367771559684512
0.192113301507183 0.485508503173806 0.651032516937113 0.438185484328747 0.581986068754747 0.397607195611955
0.584519508457784 0.55903537935598 0.523851358744182 0.359657297218124 0.391520602128783 0.415759693802722
0.711217919761901 0.349903001027765 0.347754370477047 0.375691890046923 0.391520602128783 0.428378874336312
0.605745762157615 0.58414907401578 0.562984022803545 0.527343839269194 0.581986068754747 0.546261546653182
0.640480204491652 0.648429646891454 0.543417690773863 0.310509587272358 0.391520602128783 0.390032546285804
0.600542631001451 0.224575149311336 0.308621706417684 0.375691890046923 0.581986068754747 0.403317019618581
0.305391216114487 0.324789306367965 0.631466184907431 0.665189270352692 0.581986068754747 0.570928424980947
0.28460433147867 0.40216800278285 0.651032516937113 0.359657297218124 0.581986068754747 0.363151111094376
0.550329520260324 0.639482041856968 0.602116686862909 0.375691890046923 0.581986068754747 0.429285471429849
0.589932263556444 0.40216800278285 0.445586030625455 0.391558578295532 0.581986068754747 0.43040746520045
0.43682156531596 0.40216800278285 0.709731513026158 0.512843681895435 0.391520602128783 0.506301695312972
0.377095361450157 0.46581266715163 0.680382014981635 0.483420332494312 0.581986068754747 0.473817101038732
0.505765644380061 0.695423340964778 0.62168301889259 0.742252735375008 0.581986068754747 0.683720114354626
0.45371743947425 0.491689224751558 0.562984022803545 0.375691890046923 0.743022326234652 0.405817385194562
0.484595619351981 0.58414907401578 0.553200856788705 0.512843681895435 0.581986068754747 0.512490953176324
0.388316404982483 0.690684924532531 0.484718694684818 0.293766269041321 0.391520602128783 0.334153207843365
0.635684698668103 0.540482816659079 0.582550354833227 0.597833520087582 0.743022326234652 0.601862612417166
0.352312464662174 0.603030426237071 0.484718694684818 0.359657297218124 0.391520602128783 0.373672632198952
0.377095361450157 0.576102082629966 0.602116686862909 0.483420332494312 0.581986068754747 0.472766753637151
0.477189801659812 0.613605484257039 0.797780007159725 0.597833520087582 0.391520602128783 0.58698394740913
0.418669130721792 0.444110564702777 0.699948347011317 0.483420332494312 0.743022326234652 0.482873260657676
0.525594452589857 0.773107437237533 0.396670200551251 0.438185484328747 0.391520602128783 0.461301084626873
0.649920542949551 0.654192699453542 0.533634524759023 0.407260841946035 0.391520602128783 0.465719292909635
0.610884250614597 0.610138416576983 0.396670200551251 0.375691890046923 0.391520602128783 0.425124756305099
0.625934686127748 0.54996081988826 0.5042850267145 0.407260841946035 0.581986068754747 0.456784710726887
0.427920084835637 0.41124256225057 0.49450186069966 0.327069914755952 0.581986068754747 0.358861979960674
0.584519508457784 0.659804074993891 0.651032516937113 0.597833520087582 0.743022326234652 0.600964102475105
0.192113301507183 0.311028405193941 0.699948347011317 0.839262169446543 0.391520602128783 0.651658997073649
0.620976564612699 0.382771003479972 0.396670200551251 0.483420332494312 0.581986068754747 0.498151854685364
0.418669130721792 0.617017076467987 0.377103868521569 0.391558578295532 0.391520602128783 0.402559116951122
0.610884250614597 0.280516448419147 0.484718694684818 0.742252735375008 0.743022326234652 0.67810907861289
0.377095361450157 0.372367966416746 0.523851358744182 0.359657297218124 0.391520602128783 0.37381665046383
0.512511627817166 0.372367966416746 0.308621706417684 0.438185484328747 0.391520602128783 0.43969167259552
0.640480204491652 0.41124256225057 0.406453366566092 0.498203424213467 0.743022326234652 0.513939788829161
0.322915370490717 0.296317747597367 0.474935528669978 0.407260841946035 0.158409710728996 0.390825008921246
0.562077421393132 0.741591499964718 0.5042850267145 0.611546327543722 0.391520602128783 0.598446521011874
0.649920542949551 0.472582123473375 0.406453366566092 0.69131500173334 0.581986068754747 0.653296837836498
0.531947045329097 0.444110564702777 0.367320702506729 0.625136148523405 0.391520602128783 0.580531910493812
0.659170108482798 0.40216800278285 0.465152362655137 0.468491592206549 0.581986068754747 0.499647874363357
0.377095361450157 0.41124256225057 0.660815682951954 0.293766269041321 0.391520602128783 0.33397630864765
0.445410418918533 0.372367966416746 0.602116686862909 0.638605169496458 0.581986068754747 0.586662392878698
0.28460433147867 0.419946626465527 0.651032516937113 0.375691890046923 0.581986068754747 0.375069286293956
0.531947045329097 0.695423340964778 0.445586030625455 0.422802053900328 0.581986068754747 0.452667676985571
0.625934686127748 0.361431212017732 0.308621706417684 0.343451208165685 0.581986068754747 0.388809724802728
0.589932263556444 0.224575149311336 0.416236532580933 0.611546327543722 0.743022326234652 0.576559086980108
0.398929531832399 0.55903537935598 0.49450186069966 0.375691890046923 0.581986068754747 0.393590301057973
0.685880283815454 0.26344974514516 0.543417690773863 0.651955519139038 0.581986068754747 0.634315089799591
0.484595619351981 0.623680742678747 0.719514679040999 0.343451208165685 0.391520602128783 0.399640340859831
0.28460433147867 0.491689224751558 0.543417690773863 0.570029898133436 0.581986068754747 0.503679278805382
0.519118473966017 0.599385551766182 0.602116686862909 0.541706552324988 0.391520602128783 0.54335783758621
0.491818492594122 0.472582123473375 0.758647343100362 0.422802053900328 0.391520602128783 0.457695508682846
0.723433817421218 0.458821222299351 0.367320702506729 0.570029898133436 0.743022326234652 0.577959269290716
0.567813641293532 0.719754576161821 0.455369196640296 0.827470243146482 0.581986068754747 0.742237912161563
0.305391216114487 0.54996081988826 0.210790046269275 0.327069914755952 0.391520602128783 0.320618672576543
0.567813641293532 0.509224029123142 0.426019698595774 0.570029898133436 0.391520602128783 0.55684150446538
0.544308650802436 0.711224640142999 0.514068192729341 0.422802053900328 0.391520602128783 0.459901844608141
0.567813641293532 0.554546372198067 0.455369196640296 0.597833520087582 0.581986068754747 0.580121651284469
0.698707536329883 0.349903001027765 0.230356378298957 0.359657297218124 0.391520602128783 0.404688687816682
0.398929531832399 0.588061476707861 0.572767188818386 0.343451208165685 0.391520602128783 0.375471149454052
0.659170108482798 0.41124256225057 0.230356378298957 0.343451208165685 0.581986068754747 0.388922987106726
0.677140354559515 0.296317747597367 0.445586030625455 0.541706552324988 0.391520602128783 0.549453846771542
0.531947045329097 0.794757028920373 0.426019698595774 0.359657297218124 0.391520602128783 0.407164303339595
0.445410418918533 0.472582123473375 0.416236532580933 0.453414304800156 0.391520602128783 0.449909059993306
0.625934686127748 0.46581266715163 0.533634524759023 0.779362873016635 0.581986068754747 0.718985022776683
0.352312464662174 0.349903001027765 0.592333520848068 0.570029898133436 0.743022326234652 0.517884682486818
0.663726868164092 0.40216800278285 0.533634524759023 0.638605169496458 0.581986068754747 0.626767034622971
0.63083677827438 0.688275633764489 0.337971204462206 0.359657297218124 0.391520602128783 0.413966031338599
0.409023993817465 0.26344974514516 0.484718694684818 0.651955519139038 0.581986068754747 0.574035620125964
0.427920084835637 0.372367966416746 0.474935528669978 0.468491592206549 0.391520602128783 0.457608300016871
0.615960447455952 0.372367966416746 0.562984022803545 0.815585830205421 0.743022326234652 0.739488159701033
0.672710790972158 0.717653869865801 0.318404872432524 0.375691890046923 0.391520602128783 0.431775804547145
0.615960447455952 0.202110183922355 0.455369196640296 0.767093535678137 0.581986068754747 0.688826933784253
0.28460433147867 0.520160783522156 0.562984022803545 0.803607468361309 0.581986068754747 0.657943131844062
0.498871344396122 0.665271553134268 0.474935528669978 0.327069914755952 0.391520602128783 0.376989751779897
0.562077421393132 0.804809663333962 0.435802864610614 0.359657297218124 0.391520602128783 0.413044891824565
0.73142404797562 0.535580992403545 0.249922710328639 0.453414304800156 0.581986068754747 0.487226168432265
0.192113301507183 0.479143255436275 0.62168301889259 0.638605169496458 0.581986068754747 0.5270095217679
0.556250850642659 0.754406856510171 0.474935528669978 0.343451208165685 0.391520602128783 0.401101922446146
0.192113301507183 0.540482816659079 0.602116686862909 0.570029898133436 0.581986068754747 0.483602523822277
0.550329520260324 0.39268999955367 0.49450186069966 0.512843681895435 0.581986068754747 0.514187420392919
0.192113301507183 0.26344974514516 0.543417690773863 0.597833520087582 0.391520602128783 0.487152786995154
0.512511627817166 0.444110564702777 0.328188038447365 0.483420332494312 0.391520602128783 0.475748774974536
0.550329520260324 0.26344974514516 0.62168301889259 0.665189270352692 0.743022326234652 0.622982585447412
0.663726868164092 0.654192699453542 0.367320702506729 0.359657297218124 0.391520602128783 0.420288768664015
0.707081562063873 0.382771003479972 0.347754370477047 0.407260841946035 0.581986068754747 0.452633575276175
0.192113301507183 0.372367966416746 0.631466184907431 0.704210865804917 0.158409710728996 0.565260244897235
0.573463587501794 0.224575149311336 0.308621706417684 0.310509587272358 0.581986068754747 0.350920323636065
0.654568451364619 0.667953600627566 0.670598848966795 0.919331997345263 0.581986068754747 0.838563258852075
0.192113301507183 0.588061476707861 0.572767188818386 0.651955519139038 0.581986068754747 0.536097121310742
0.192113301507183 0.485508503173806 0.651032516937113 0.438185484328747 0.581986068754747 0.397607195611955
0.512511627817166 0.479143255436275 0.279272208373161 0.359657297218124 0.391520602128783 0.384516403001255
0.635684698668103 0.372367966416746 0.5042850267145 0.527343839269194 0.391520602128783 0.53971159556183
0.846123646424851 0.636414075770865 0 0.359657297218124 0.158409710728996 0.391852526068409
0.427920084835637 0.651330643537297 0.484718694684818 0.512843681895435 0.581986068754747 0.498516184632712
0.43682156531596 0.503537826431887 0.836912671219089 0.422802053900328 0.391520602128783 0.452434235863167
0.377095361450157 0.545274478181956 0.562984022803545 0.597833520087582 0.391520602128783 0.547739615392316
0.649920542949551 0.72795635518733 0.543417690773863 0.597833520087582 0.391520602128783 0.607978908047807
0.519118473966017 0.617017076467987 0.553200856788705 0.527343839269194 0.581986068754747 0.530497786792275
0.388316404982483 0.503537826431887 0.5042850267145 0.293766269041321 0.581986068754747 0.330463066329358
0.715321577441318 0.372367966416746 0.445586030625455 0.69131500173334 0.581986068754747 0.664620739961152
0.739297614039559 0.769827065391559 0.26948904235832 0.293766269041321 0.391520602128783 0.375144155898196
0.427920084835637 0.520160783522156 0.602116686862909 0.597833520087582 0.581986068754747 0.560878655154623
0.600542631001451 0.472582123473375 0.0836088880763445 0.391558578295532 0.391520602128783 0.400669590576266
0.525594452589857 0.688275633764489 0.484718694684818 0.422802053900328 0.391520602128783 0.454024636204208
0.377095361450157 0.509224029123142 0.602116686862909 0.375691890046923 0.581986068754747 0.394255388563036
0.505765644380061 0.639482041856968 0.641249350922272 0.791533660396896 0.581986068754747 0.71642010644695
0.305391216114487 0.530563820585382 0.553200856788705 0.293766269041321 0.158409710728996 0.318537935872092
0.635684698668103 0.202110183922355 0.367320702506729 0.583995479780231 0.581986068754747 0.560651216087447
0.63083677827438 0.280516448419147 0.406453366566092 0.651955519139038 0.581986068754747 0.614080880006509
0.377095361450157 0.324789306367965 0.61189985287775 0.803607468361309 0.391520602128783 0.678187360849895
0.43682156531596 0.40216800278285 0.572767188818386 0.422802053900328 0.391520602128783 0.434414882934132
0.605745762157615 0.567739443570937 0.38688703453641 0.583995479780231 0.581986068754747 0.572545788008443
0.672710790972158 0.595677285005747 0.572767188818386 0.327069914755952 0.391520602128783 0.408171490354883
0.694468179499826 0.563431823037589 0.367320702506729 0.597833520087582 0.581986068754747 0.596465145719107
0.512511627817166 0.580163538081921 0.426019698595774 0.438185484328747 0.391520602128783 0.455645260541735
0.505765644380061 0.69775363699367 0.484718694684818 0.468491592206549 0.391520602128783 0.483776396966544
0.192113301507183 0.39268999955367 0.660815682951954 0.343451208165685 0.391520602128783 0.330617926448819
0.477189801659812 0.554546372198067 0.377103868521569 0.375691890046923 0.391520602128783 0.399893427479058
0.445410418918533 0.580163538081921 0.5042850267145 0.343451208165685 0.391520602128783 0.379660817269769
0.192113301507183 0.66118414430582 0.38688703453641 0.375691890046923 0.391520602128783 0.344739419105997
0.365148174258755 0.372367966416746 0.5042850267145 0.391558578295532 0.581986068754747 0.393086949222528
0.388316404982483 0.472582123473375 0.719514679040999 0.638605169496458 0.391520602128783 0.585471179857687
0.305391216114487 0.491689224751558 0.62168301889259 0.453414304800156 0.581986068754747 0.434644823726395
0.685880283815454 0.224575149311336 0.230356378298957 0.391558578295532 0.391520602128783 0.421232954113291
0.63083677827438 0.280516448419147 0.416236532580933 0.803607468361309 0.882518277523544 0.717385168305677
0.668240019479871 0.349903001027765 0.38688703453641 0.729677933892271 0.743022326234652 0.675878243166224
0.365148174258755 0.55903537935598 0.308621706417684 0.453414304800156 0.391520602128783 0.428475829046847
0.525594452589857 0.40216800278285 0.5042850267145 0.359657297218124 0.391520602128783 0.399952064912708
0.754714273006435 0.444110564702777 0.38688703453641 0.570029898133436 0.743022326234652 0.584356514738349
0.544308650802436 0.626936072541684 0.582550354833227 0.375691890046923 0.391520602128783 0.426764988068917
0.649920542949551 0.72795635518733 0.543417690773863 0.597833520087582 0.391520602128783 0.607978908047807
0.192113301507183 0.610138416576983 0.778213675130044 0.422802053900328 0.158409710728996 0.397394368296061
0.398929531832399 0.479143255436275 0.758647343100362 0.570029898133436 0.743022326234652 0.543709641644754
0.727443840467692 0.361431212017732 0.406453366566092 0.896883366276698 0.882518277523544 0.802465028135877
0.25751433599895 0.535580992403545 0.602116686862909 0.555934402234205 0.581986068754747 0.492593770997107
0.491818492594122 0.46581266715163 0.768430509115203 0.422802053900328 0.391520602128783 0.45799097235563
0.305391216114487 0.55903537935598 0.699948347011317 0.767093535678137 0.743022326234652 0.651454049716301
0.645224959936402 0.26344974514516 0.445586030625455 0.779362873016635 0.743022326234652 0.705720707761406
0.445410418918533 0.520160783522156 0.592333520848068 0.468491592206549 0.391520602128783 0.473852450050524
0.409023993817465 0.41124256225057 0.0738257220615034 0.407260841946035 0.391520602128783 0.375962178541186
0.505765644380061 0.723894899735376 0.465152362655137 0.359657297218124 0.391520602128783 0.403563718416857
0.615960447455952 0.497695818133175 0.298838540402843 0.779362873016635 0.581986068754747 0.696853904363444
0.192113301507183 0.576102082629966 0.797780007159725 0.438185484328747 0.391520602128783 0.407903359135149
0.512511627817166 0.55903537935598 0.61189985287775 0.453414304800156 0.158409710728996 0.478251653129837
0.322915370490717 0.337715686068396 0.709731513026158 0.512843681895435 0.581986068754747 0.478959204109449
0.668240019479871 0.224575149311336 0.396670200551251 0.742252735375008 0.743022326234652 0.678646399467995
0.192113301507183 0.514762521407161 0.582550354833227 0.407260841946035 0.391520602128783 0.373882884328586
0.491818492594122 0.280516448419147 0.38688703453641 0.375691890046923 0.391520602128783 0.393819153300847
0.519118473966017 0.723894899735376 0.416236532580933 0.407260841946035 0.391520602128783 0.437761929495849
0.409023993817465 0.509224029123142 0.523851358744182 0.343451208165685 0.391520602128783 0.372291066441716
0.338354460429582 0.451592734660772 0.406453366566092 0.438185484328747 0.581986068754747 0.416424449201899
0.573463587501794 0.554546372198067 0.582550354833227 0.638605169496458 0.743022326234652 0.619052758168282
0.690192741085259 0.713389328424289 0.347754370477047 0.665189270352692 0.581986068754747 0.646152080680707
0.377095361450157 0.525425741497568 0.426019698595774 0.422802053900328 0.581986068754747 0.417408647742372
0.322915370490717 0.58414907401578 0.445586030625455 0.422802053900328 0.391520602128783 0.409236970817597
0.531947045329097 0.419946626465527 0.533634524759023 0.729677933892271 0.581986068754747 0.663861281294778
0.445410418918533 0.361431212017732 0.602116686862909 0.359657297218124 0.391520602128783 0.390463699166083
0.525594452589857 0.46581266715163 0.572767188818386 0.391558578295532 0.391520602128783 0.429920541289801
0.365148174258755 0.40216800278285 0.484718694684818 0.391558578295532 0.391520602128783 0.392908089326635
0.531947045329097 0.588061476707861 0.954310663397179 0.767093535678137 0.743022326234652 0.724509366378102
0.192113301507183 0.24489718244826 0.631466184907431 0.638605169496458 0.581986068754747 0.517848921702107
0.445410418918533 0.603030426237071 0.465152362655137 0.391558578295532 0.391520602128783 0.413129076146177
0.649920542949551 0.361431212017732 0.328188038447365 0.651955519139038 0.391520602128783 0.614468330274899
0.562077421393132 0.665271553134268 0.484718694684818 0.597833520087582 0.581986068754747 0.584988492893964
0.192113301507183 0.428309265524556 0.533634524759023 0.359657297218124 0.581986068754747 0.336268688821583
0.365148174258755 0.503537826431887 0.61189985287775 0.407260841946035 0.581986068754747 0.414913040944977
0.719393298585171 0.642506489223802 0.171657382209912 1.05766176753545 0.391520602128783 0.89068104445618
0.192113301507183 0.24489718244826 0.533634524759023 0.815585830205421 0.743022326234652 0.621831516493486
0.645224959936402 0.794757028920373 0.230356378298957 0.343451208165685 0.391520602128783 0.397617504333885
0.43682156531596 0.530563820585382 0.377103868521569 0.375691890046923 0.391520602128783 0.39202775021641
0.192113301507183 0.296317747597367 0.435802864610614 0.453414304800156 0.581986068754747 0.388407687733754
0.649920542949551 0.554546372198067 0.308621706417684 0.541706552324988 0.743022326234652 0.543431933111733
0.562077421393132 0.665271553134268 0.484718694684818 0.597833520087582 0.581986068754747 0.584988492893964
0.28460433147867 0.702339189303477 0.729297845055839 0.407260841946035 0.581986068754747 0.409623462612704
0.498871344396122 0.41124256225057 0.582550354833227 0.625136148523405 0.581986068754747 0.589149079960161
0.605745762157615 0.224575149311336 0.514068192729341 0.827470243146482 0.743022326234652 0.733308773926276
0.377095361450157 0.43635625691037 0.5042850267145 0.375691890046923 0.581986068754747 0.386287152862956
0.469586391421645 0.55903537935598 0.38688703453641 0.407260841946035 0.581986068754747 0.422214513028595
0.427920084835637 0.617017076467987 0.357537536491888 0.310509587272358 0.581986068754747 0.34380857301784
0.625934686127748 0.176996489262555 0.514068192729341 0.7547240393759 0.581986068754747 0.685731973503254
0.677140354559515 0.633301320279216 0.337971204462206 0.512843681895435 0.581986068754747 0.532715833515649
0.322915370490717 0.43635625691037 0.866262169263611 0.359657297218124 0.581986068754747 0.382829611974634
0.322915370490717 0.46581266715163 0.514068192729341 0.453414304800156 0.581986068754747 0.431206983108859
0.677140354559515 0.630142448216755 0.5042850267145 0.570029898133436 0.743022326234652 0.58700667084835
0.649920542949551 0.11565692803975 0.318404872432524 0.512843681895435 0.391520602128783 0.503933961520906
0.377095361450157 0.43635625691037 0.484718694684818 0.512843681895435 0.581986068754747 0.480799578021579
0.654568451364619 0.280516448419147 0.465152362655137 0.665189270352692 0.391520602128783 0.632487303646864
0.635684698668103 0.202110183922355 0.289055374388002 0.512843681895435 0.581986068754747 0.504241322578394
0.615960447455952 0.361431212017732 0.533634524759023 0.651955519139038 0.581986068754747 0.625253457039796
0.556250850642659 0.623680742678747 0.641249350922272 0.375691890046923 0.581986068754747 0.432090087342433
0.668240019479871 0.349903001027765 0.38688703453641 0.729677933892271 0.743022326234652 0.675878243166224
0.654568451364619 0.642506489223802 0.680382014981635 0.407260841946035 0.391520602128783 0.475094326624002
0.531947045329097 0.509224029123142 0.347754370477047 0.611546327543722 0.581986068754747 0.572006551753185
0.654568451364619 0.280516448419147 0.406453366566092 0.678308442196004 0.743022326234652 0.636578955340591
0.461768674741401 0.24489718244826 0.787996841144884 0.651955519139038 0.391520602128783 0.605133852193386
0.573463587501794 0.739696198913597 0.562984022803545 0.375691890046923 0.391520602128783 0.433535499742761
0.567813641293532 0.40216800278285 0.484718694684818 0.625136148523405 0.391520602128783 0.595481677893424
0.698707536329883 0.361431212017732 0.484718694684818 0.779362873016635 0.581986068754747 0.724698257445729
0.377095361450157 0.54996081988826 0.426019698595774 0.391558578295532 0.581986068754747 0.396096039023101
0.605745762157615 0.444110564702777 0.455369196640296 0.803607468361309 0.743022326234652 0.723669106680855
0.584519508457784 0.545274478181956 0.660815682951954 0.327069914755952 0.391520602128783 0.398182855205142
0.620976564612699 0.46581266715163 0.337971204462206 0.597833520087582 0.391520602128783 0.577030799014349
0.377095361450157 0.690684924532531 0.523851358744182 0.327069914755952 0.581986068754747 0.359213297216418
0.512511627817166 0.785746393891541 0.396670200551251 0.375691890046923 0.391520602128783 0.413585197323431
0.192113301507183 0.428309265524556 0.553200856788705 0.391558578295532 0.158409710728996 0.359017981061188
0.649920542949551 0.603030426237071 0.49450186069966 0.468491592206549 0.581986068754747 0.507110647733374
0.625934686127748 0.535580992403545 0.709731513026158 0.527343839269194 0.581986068754747 0.557733050858972
0.519118473966017 0.545274478181956 0.670598848966795 0.742252735375008 0.581986068754747 0.684732003410535
0.505765644380061 0.311028405193941 0.553200856788705 0.638605169496458 0.391520602128783 0.593290245385103
0.338354460429582 0.530563820585382 0.602116686862909 0.665189270352692 0.581986068754747 0.585647476307048
0.531947045329097 0.444110564702777 0.367320702506729 0.625136148523405 0.391520602128783 0.580531910493812
0.694468179499826 0.311028405193941 0.38688703453641 0.391558578295532 0.391520602128783 0.439199680253989
0.445410418918533 0.623680742678747 0.514068192729341 0.527343839269194 0.581986068754747 0.513401408431089
0.579031039457725 0.444110564702777 0.426019698595774 0.625136148523405 0.743022326234652 0.594715275267202
0.365148174258755 0.673218558602978 0.533634524759023 0.468491592206549 0.391520602128783 0.458374129044461
0.649920542949551 0.382771003479972 0.171657382209912 0.438185484328747 0.743022326234652 0.44998267640813
0.512511627817166 0.311028405193941 0.5042850267145 0.293766269041321 0.581986068754747 0.344954958602502
0.469586391421645 0.599385551766182 0.523851358744182 0.359657297218124 0.391520602128783 0.397648854788624
0.640480204491652 0.296317747597367 0.484718694684818 0.422802053900328 0.581986068754747 0.460211906910267
0.192113301507183 0.591903381808187 0.670598848966795 0.327069914755952 0.391520602128783 0.325259895100593
0.469586391421645 0.794757028920373 0.347754370477047 0.327069914755952 0.391520602128783 0.366867941886105
0.377095361450157 0.41124256225057 0.73908101107068 0.611546327543722 0.581986068754747 0.563345417107766
0.192113301507183 0.514762521407161 0.553200856788705 0.327069914755952 0.581986068754747 0.317344605567866
0.600542631001451 0.337715686068396 0.357537536491888 0.453414304800156 0.391520602128783 0.46831674332054
0.567813641293532 0.680879980327997 0.592333520848068 0.293766269041321 0.391520602128783 0.369411020595284
0.445410418918533 0.576102082629966 0.416236532580933 0.375691890046923 0.391520602128783 0.397600319046933
0.25751433599895 0.58414907401578 0.690165180996476 0.638605169496458 0.581986068754747 0.554332153258143
0.544308650802436 0.648429646891454 0.523851358744182 0.453414304800156 0.391520602128783 0.481150890002343
0.690192741085259 0.361431212017732 0.49450186069966 0.527343839269194 0.743022326234652 0.547959324813675
0.620976564612699 0.673218558602978 0.514068192729341 0.407260841946035 0.581986068754747 0.460280838082099
0.579031039457725 0.514762521407161 0.523851358744182 0.327069914755952 0.391520602128783 0.388677107071809
0.484595619351981 0.606614039404761 0.543417690773863 0.583995479780231 0.391520602128783 0.562280253119322
0.635684698668103 0.419946626465527 0.543417690773863 0.468491592206549 0.581986068754747 0.501789735466178
0.672710790972158 0.651330643537297 0.171657382209912 0.704210865804917 0.882518277523544 0.648067995200021
0.498871344396122 0.606614039404761 0.289055374388002 0.327069914755952 0.391520602128783 0.362692141360791
0.567813641293532 0.458821222299351 0.426019698595774 0.343451208165685 0.391520602128783 0.391520602129114
0.600542631001451 0.46581266715163 0.445586030625455 0.483420332494312 0.391520602128783 0.501414690653084
0.677140354559515 0.41124256225057 0.279272208373161 0.583995479780231 0.581986068754747 0.569783942645985
0.615960447455952 0.43635625691037 0.396670200551251 0.359657297218124 0.581986068754747 0.408535277966784
0.418669130721792 0.580163538081921 0.543417690773863 0.310509587272358 0.391520602128783 0.352626153112959
0.672710790972158 0.525425741497568 0.396670200551251 0.638605169496458 0.581986068754747 0.622314421305572
0.579031039457725 0.509224029123142 0.416236532580933 0.611546327543722 0.581986068754747 0.587022277903353
0.743192213455483 0.311028405193941 0.201006880254434 0.704210865804917 0.743022326234652 0.650958337903518
0.645224959936402 0.202110183922355 0.38688703453641 0.742252735375008 0.743022326234652 0.671937885271032
0.649920542949551 0.479143255436275 0.602116686862909 0.453414304800156 0.581986068754747 0.499038438050883
0.418669130721792 0.73585429381327 0.445586030625455 0.359657297218124 0.391520602128783 0.387233113303975
0.589932263556444 0.525425741497568 0.699948347011317 0.779362873016635 0.743022326234652 0.726469536053488
0.635684698668103 0.224575149311336 0.455369196640296 0.7547240393759 0.743022326234652 0.685851227849661
0.531947045329097 0.540482816659079 0.396670200551251 0.729677933892271 0.581986068754747 0.657381355194512
0.735375095276021 0.382771003479972 0.357537536491888 0.327069914755952 0.581986068754747 0.396583536956906
0.73142404797562 0.472582123473375 0.279272208373161 0.310509587272358 0.581986068754747 0.380074049634497
0.491818492594122 0.514762521407161 0.514068192729341 0.611546327543722 0.581986068754747 0.577468523231403
0.562077421393132 0.642506489223802 0.455369196640296 0.597833520087582 0.581986068754747 0.58198606875511
0.322915370490717 0.630142448216755 0.533634524759023 0.359657297218124 0.158409710728996 0.371407083007828
0.635684698668103 0.382771003479972 0.435802864610614 0.570029898133436 0.743022326234652 0.565235530541312
0.595272354336887 0.349903001027765 0.38688703453641 0.359657297218124 0.391520602128783 0.401608376403088
0.322915370490717 0.693067295287366 0.347754370477047 0.359657297218124 0.391520602128783 0.361208599653883
0.28460433147867 0.617017076467987 0.748864177085521 0.438185484328747 0.391520602128783 0.430066381289729
0.550329520260324 0.613605484257039 0.445586030625455 0.483420332494312 0.581986068754747 0.497382404477988
0.694468179499826 0.458821222299351 0.308621706417684 0.729677933892271 0.581986068754747 0.678128329292416
0.600542631001451 0.148524930491957 0.377103868521569 0.651955519139038 0.743022326234652 0.598123234876081
0.322915370490717 0.688275633764489 0.709731513026158 0.375691890046923 0.391520602128783 0.394066265374741
0.654568451364619 0.509224029123142 0.201006880254434 0.359657297218124 0.391520602128783 0.400730033475944
0.322915370490717 0.311028405193941 0.445586030625455 0.391558578295532 0.391520602128783 0.378655550901423
0.620976564612699 0.58414907401578 0.602116686862909 0.541706552324988 0.581986068754747 0.561986711718392
0.525594452589857 0.55903537935598 0.592333520848068 0.327069914755952 0.581986068754747 0.385389813332691
0.525594452589857 0.756176326950194 0.553200856788705 0.359657297218124 0.391520602128783 0.413215826830921
0.615960447455952 0.296317747597367 0.377103868521569 0.375691890046923 0.581986068754747 0.413998571660738
0.512511627817166 0.479143255436275 0.279272208373161 0.359657297218124 0.391520602128783 0.384516403001255
0.567813641293532 0.793281452343995 0.484718694684818 0.375691890046923 0.391520602128783 0.42905540914513
0.512511627817166 0.497695818133175 0.514068192729341 0.359657297218124 0.391520602128783 0.401457269133081
0.398929531832399 0.296317747597367 0.484718694684818 0.527343839269194 0.391520602128783 0.489789598516608
0.723433817421218 0.554546372198067 0.435802864610614 0.293766269041321 0 0.379382747786149
0.192113301507183 0.479143255436275 0.62168301889259 0.638605169496458 0.581986068754747 0.5270095217679
0.556250850642659 0.530563820585382 0.49450186069966 0.293766269041321 0.391520602128783 0.358087765089221
0.556250850642659 0.41124256225057 0.426019698595774 0.541706552324988 0.581986068754747 0.531237582756666
0.562077421393132 0.741591499964718 0.484718694684818 0.665189270352692 0.158409710728996 0.634142131817779
0.672710790972158 0.361431212017732 0.435802864610614 0.375691890046923 0.391520602128783 0.429425249050001
0.388316404982483 0.713389328424289 0.807563173174566 0.850963037492175 0.391520602128783 0.741506493680686
0.600542631001451 0.311028405193941 0.367320702506729 0.375691890046923 0.391520602128783 0.41145239650735
0.192113301507183 0.444110564702777 0.592333520848068 0.359657297218124 0.391520602128783 0.339897272145555
0.649920542949551 0.337715686068396 0.396670200551251 0.597833520087582 0.581986068754747 0.582119094661231
0.605745762157615 0.382771003479972 0.328188038447365 0.583995479780231 0.581986068754747 0.560467376627353
0.377095361450157 0.55903537935598 0.396670200551251 0.453414304800156 0.391520602128783 0.43770721032769
0.584519508457784 0.514762521407161 0.582550354833227 0.704210865804917 0.391520602128783 0.665068212149178
0.73142404797562 0.419946626465527 0.367320702506729 0.704210865804917 0.391520602128783 0.671638677027682
0.512511627817166 0.554546372198067 0.445586030625455 0.391558578295532 0.391520602128783 0.422369562205563
0.418669130721792 0.540482816659079 0.748864177085521 0.483420332494312 0.391520602128783 0.488934758004933
0.519118473966017 0.509224029123142 0.337971204462206 0.422802053900328 0.391520602128783 0.436955596633015
0.538183047010328 0.715532260676347 0.445586030625455 0.69131500173334 0.743022326234652 0.643117244916608
0.409023993817465 0.46581266715163 0.582550354833227 0.438185484328747 0.391520602128783 0.442764833538535
0.645224959936402 0.563431823037589 0.220573212284116 0.407260841946035 0.581986068754747 0.438002724505723
0.498871344396122 0.645488635238585 0.240139544313798 0.327069914755952 0.391520602128783 0.359741767537596
