0.672710790972158 0.202110183922355 0.514068192729341 0.498203424213467 0.158409710728996 0.549505283674807
0.525594452589857 0.654192699453542 0.582550354833227 0.375691890046923 0.581986068754747 0.433469279763765
0.192113301507183 0.41124256225057 0.602116686862909 0.611546327543722 0.581986068754747 0.534995076678324
0.685880283815454 0.372367966416746 0.328188038447365 0.611546327543722 0.743022326234652 0.618862323319944
0.477189801659812 0.711224640142999 0.347754370477047 0.391558578295532 0.581986068754747 0.41303975221227
0.192113301507183 0.479143255436275 0.455369196640296 0.407260841946035 0.391520602128783 0.367459277100281
0.43682156531596 0.503537826431887 0.543417690773863 0.555934402234205 0.391520602128783 0.526963672049516
0.469586391421645 0.372367966416746 0.474935528669978 0.483420332494312 0.581986068754747 0.47937791427894
0.377095361450157 0.620374940578785 0.308621706417684 0.391558578295532 0.391520602128783 0.383373658715298
0.469586391421645 0.58414907401578 0.61189985287775 0.453414304800156 0.391520602128783 0.468541876596469
0.305391216114487 0.535580992403545 0.62168301889259 0.583995479780231 0.581986068754747 0.528914441105559
0.388316404982483 0.349903001027765 0.602116686862909 0.638605169496458 0.581986068754747 0.581986068754798
0.567813641293532 0.745332297042451 0.406453366566092 0.375691890046923 0.391520602128783 0.435216081949136
0.677140354559515 0.58414907401578 0.337971204462206 0.438185484328747 0.581986068754747 0.506173430329687
0.365148174258755 0.610138416576983 0.474935528669978 0.343451208165685 0.391520602128783 0.358276131110857
0.398929531832399 0.26344974514516 0.719514679040999 0.625136148523405 0.158409710728996 0.581835676516424
0.418669130721792 0.40216800278285 0.533634524759023 0.483420332494312 0.743022326234652 0.470804473254525
0.491818492594122 0.46581266715163 0.768430509115203 0.422802053900328 0.391520602128783 0.468696586247068
0.477189801659812 0.554546372198067 0.572767188818386 0.453414304800156 0.581986068754747 0.467568832811744
0.25751433599895 0.280516448419147 0.699948347011317 0.651955519139038 0.391520602128783 0.579866305971309
0.625934686127748 0.337715686068396 0.514068192729341 0.597833520087582 0.743022326234652 0.600602152267382
0.192113301507183 0.337715686068396 0.445586030625455 0.359657297218124 0.581986068754747 0.331066913832598
0.25751433599895 0.514762521407161 0.523851358744182 0.570029898133436 0.581986068754747 0.505074591318344
0.668240019479871 0.224575149311336 0.210790046269275 0.583995479780231 0.743022326234652 0.592095996070184
0.484595619351981 0.567739443570937 0.758647343100362 0.791533660396896 0.581986068754747 0.722692649515988
0.556250850642659 0.54996081988826 0.298838540402843 0.453414304800156 0.581986068754747 0.474825952181364
0.418669130721792 0.382771003479972 0.465152362655137 0.422802053900328 0.581986068754747 0.42439437589529
0.550329520260324 0.678356637690792 0.572767188818386 0.293766269041321 0.391520602128783 0.395849911740423
0.525594452589857 0.723894899735376 0.465152362655137 0.438185484328747 0.391520602128783 0.463925265592798
0.388316404982483 0.545274478181956 0.641249350922272 0.815585830205421 0.882518277523544 0.71910215877362
0.28460433147867 0.761398301362449 0.651032516937113 0.438185484328747 0.391520602128783 0.420931852955395
0.649920542949551 0.324789306367965 0.347754370477047 0.189224483672455 0 0.375192687425984
0.192113301507183 0.509224029123142 0.5042850267145 0.651955519139038 0.581986068754747 0.560861545981136
0.723433817421218 0.525425741497568 0.357537536491888 0.422802053900328 0.581986068754747 0.514532934238219
0.322915370490717 0.591903381808187 0.396670200551251 0.583995479780231 0.581986068754747 0.518555958129604
0.388316404982483 0.444110564702777 0.602116686862909 0.453414304800156 0.743022326234652 0.448117174027812
0.649920542949551 0.535580992403545 0.660815682951954 0.310509587272358 0.391520602128783 0.448296010681655
0.352312464662174 0.680879980327997 0.690165180996476 0.375691890046923 0.391520602128783 0.395953975625793
0.491818492594122 0.202110183922355 0.347754370477047 0.422802053900328 0.581986068754747 0.437736823228592
0.377095361450157 0.545274478181956 0.426019698595774 0.422802053900328 0.391520602128783 0.411678680958719
0.531947045329097 0.659804074993891 0.318404872432524 0.310509587272358 0.581986068754747 0.380668698244762
0.719393298585171 0.176996489262555 0.455369196640296 0.597833520087582 0.391520602128783 0.624343710245922
0.584519508457784 0.324789306367965 0.367320702506729 0.375691890046923 0.581986068754747 0.438835720841306
0.735375095276021 0.41124256225057 0.191223714239594 0.827470243146482 0.581986068754747 0.780247475262799
0.654568451364619 0.382771003479972 0.308621706417684 0.327069914755952 0.581986068754747 0.435120366939721
0.640480204491652 0.479143255436275 0.455369196640296 0.453414304800156 0.581986068754747 0.508485101126856
0.610884250614597 0.610138416576983 0.396670200551251 0.375691890046923 0.391520602128783 0.449509961141112
0.498871344396122 0.472582123473375 0.318404872432524 0.375691890046923 0.391520602128783 0.408166166596297
0.698707536329883 0.645488635238585 0.289055374388002 0.527343839269194 0.391520602128783 0.566343106800696
0.491818492594122 0.688275633764489 0.377103868521569 0.327069914755952 0.391520602128783 0.37938725136879
0.388316404982483 0.563431823037589 0.523851358744182 0.541706552324988 0.743022326234652 0.505424123037827
0.556250850642659 0.620374940578785 0.641249350922272 0.343451208165685 0.391520602128783 0.430054997036973
0.491818492594122 0.491689224751558 0.514068192729341 0.375691890046923 0.391520602128783 0.41776706633583
0.305391216114487 0.685838807648787 0.680382014981635 0.963255504120144 0.882518277523544 0.827317950291049
0.398929531832399 0.24489718244826 0.62168301889259 0.570029898133436 0.581986068754747 0.534585076554201
0.584519508457784 0.296317747597367 0.357537536491888 0.453414304800156 0.581986068754747 0.48589470630207
0.398929531832399 0.571961759056411 0.699948347011317 0.625136148523405 0.581986068754747 0.580407486405121
0.600542631001451 0.535580992403545 0.49450186069966 0.791533660396896 0.743022326234652 0.731441601103834
0.694468179499826 0.311028405193941 0.38688703453641 0.391558578295532 0.391520602128783 0.487944528989841
0.491818492594122 0.779520551169971 0.5042850267145 0.375691890046923 0.391520602128783 0.417053828996136
0.645224959936402 0.382771003479972 0.357537536491888 0.527343839269194 0.391520602128783 0.55210639027074
0.512511627817166 0.777935265322165 0.5042850267145 0.343451208165685 0.391520602128783 0.404342921047192
0.192113301507183 0.280516448419147 0.670598848966795 0.327069914755952 0.391520602128783 0.330690317446379
0.525594452589857 0.756176326950194 0.553200856788705 0.359657297218124 0.391520602128783 0.421738430060738
0.427920084835637 0.497695818133175 0.787996841144884 0.422802053900328 0.391520602128783 0.45421727637601
0.484595619351981 0.599385551766182 0.523851358744182 0.391558578295532 0.581986068754747 0.426163387535429
0.427920084835637 0.610138416576983 0.61189985287775 0.570029898133436 0.581986068754747 0.539678435930847
0.305391216114487 0.595677285005747 0.553200856788705 0.498203424213467 0.391520602128783 0.460035831812822
0.600542631001451 0.54996081988826 0.61189985287775 0.555934402234205 0.581986068754747 0.57122423011428
0.305391216114487 0.554546372198067 0.758647343100362 0.625136148523405 0.158409710728996 0.570060920417756
0.28460433147867 0.54996081988826 0.651032516937113 0.597833520087582 0.391520602128783 0.538485045240484
0.610884250614597 0.337715686068396 0.26948904235832 0.343451208165685 0.581986068754747 0.425659227246445
0.620976564612699 0.571961759056411 0.709731513026158 0.512843681895435 0.581986068754747 0.55594010723777
0.584519508457784 0.503537826431887 0.523851358744182 0.327069914755952 0.581986068754747 0.421442824522415
0.550329520260324 0.639482041856968 0.62168301889259 0.359657297218124 0.391520602128783 0.435370462080442
0.45371743947425 0.659804074993891 0.455369196640296 0.343451208165685 0.391520602128783 0.382114017412752
0.338354460429582 0.361431212017732 0.484718694684818 0.391558578295532 0.158409710728996 0.384920931356838
0.654568451364619 0.361431212017732 0.289055374388002 0.651955519139038 0.581986068754747 0.636803361421778
0.192113301507183 0.26344974514516 0.719514679040999 0.583995479780231 0.391520602128783 0.522525323133749
0.427920084835637 0.530563820585382 0.523851358744182 0.327069914755952 0.391520602128783 0.369666355285308
0.562077421393132 0.651330643537297 0.455369196640296 0.422802053900328 0.581986068754747 0.464659720641195
0.615960447455952 0.382771003479972 0.572767188818386 0.678308442196004 0.581986068754747 0.656782532534472
0.690192741085259 0.41124256225057 0.474935528669978 0.729677933892271 0.743022326234652 0.70682797497111
0.484595619351981 0.40216800278285 0.572767188818386 0.302161054404645 0.158409710728996 0.37753528585739
0.469586391421645 0.651330643537297 0.328188038447365 0.359657297218124 0.391520602128783 0.389371831256954
0.672710790972158 0.620374940578785 0.289055374388002 0.527343839269194 0.581986068754747 0.558152031420881
0.418669130721792 0.444110564702777 0.690165180996476 0.453414304800156 0.391520602128783 0.462533682018265
0.659170108482798 0.40216800278285 0.465152362655137 0.468491592206549 0.581986068754747 0.524260265056483
0.690192741085259 0.717653869865801 0.318404872432524 0.453414304800156 0.391520602128783 0.518954127364268
0.192113301507183 0.58414907401578 0.719514679040999 0.555934402234205 0.581986068754747 0.501219352934151
0.28460433147867 0.685838807648787 0.660815682951954 0.407260841946035 0.581986068754747 0.400153361816612
0.625934686127748 0.41124256225057 0.259705876343479 0.327069914755952 0.743022326234652 0.422132272143741
0.654568451364619 0.670602329898385 0.230356378298957 0.375691890046923 0.581986068754747 0.458375809399511
0.192113301507183 0.280516448419147 0.797780007159725 0.665189270352692 0.158409710728996 0.591008239035153
0.525594452589857 0.797677896025604 0.445586030625455 0.407260841946035 0.391520602128783 0.443095590807079
0.305391216114487 0.324789306367965 0.631466184907431 0.665189270352692 0.581986068754747 0.591307019126519
0.625934686127748 0.39268999955367 0.465152362655137 0.375691890046923 0.391520602128783 0.458689040255284
0.645224959936402 0.419946626465527 0.308621706417684 0.343451208165685 0.581986068754747 0.440093151461713
0.377095361450157 0.509224029123142 0.484718694684818 0.391558578295532 0.581986068754747 0.394112766542762
0.525594452589857 0.46581266715163 0.455369196640296 0.343451208165685 0.581986068754747 0.405211585236311
0.600542631001451 0.24489718244826 0.474935528669978 0.665189270352692 0.581986068754747 0.639040889261631
0.544308650802436 0.311028405193941 0.543417690773863 0.310509587272358 0.391520602128783 0.399919472339859
0.477189801659812 0.73194189112119 0.5042850267145 0.375691890046923 0.391520602128783 0.412639906292485
0.562077421393132 0.711224640142999 0.631466184907431 0.375691890046923 0.391520602128783 0.449106336396745
0.615960447455952 0.349903001027765 0.367320702506729 0.651955519139038 0.391520602128783 0.629218554133584
0.388316404982483 0.361431212017732 0.680382014981635 0.422802053900328 0.158409710728996 0.434186384899135
0.723433817421218 0.688275633764489 0.836912671219089 0.665189270352692 0.581986068754747 0.691945325272807
0.445410418918533 0.623680742678747 1.07170865557527 0.862574242832827 0.158409710728996 0.791987029641678
0.579031039457725 0.576102082629966 0.49450186069966 0.570029898133436 0.391520602128783 0.568155714164028
0.25751433599895 0.472582123473375 0.729297845055839 0.827470243146482 0.581986068754747 0.718199574927068
0.600542631001451 0.472582123473375 0.0836088880763445 0.391558578295532 0.391520602128783 0.445126383833497
0.352312464662174 0.514762521407161 0.533634524759023 0.422802053900328 0.581986068754747 0.413498878060324
0.28460433147867 0.491689224751558 0.543417690773863 0.570029898133436 0.581986068754747 0.510041695434363
0.512511627817166 0.148524930491957 0.62168301889259 0.651955519139038 0.158409710728996 0.6170828573741
0.365148174258755 0.595677285005747 0.778213675130044 0.69131500173334 0.581986068754747 0.629702441710489
0.461768674741401 0.571961759056411 0.670598848966795 0.512843681895435 0.391520602128783 0.511181201553895
0.352312464662174 0.678356637690792 0.690165180996476 0.407260841946035 0.391520602128783 0.416693742772113
0.702911709950465 0.704595506277333 0.347754370477047 0.310509587272358 0.391520602128783 0.447905601554035
0.562077421393132 0.793281452343995 0.38688703453641 0.375691890046923 0.391520602128783 0.432216225434687
0.192113301507183 0.444110564702777 0.62168301889259 0.767093535678137 0.581986068754747 0.658693003900298
0.469586391421645 0.444110564702777 0.699948347011317 0.375691890046923 0.581986068754747 0.42719324271101
0.595272354336887 0.349903001027765 0.38688703453641 0.359657297218124 0.391520602128783 0.434391653372411
0.192113301507183 0.576102082629966 0.670598848966795 0.678308442196004 0.391520602128783 0.591733174403032
0.491818492594122 0.46581266715163 0.768430509115203 0.422802053900328 0.391520602128783 0.468696586247068
0.640480204491652 0.451592734660772 0.26948904235832 0.375691890046923 0.391520602128783 0.454492916488899
0.63083677827438 0.382771003479972 0.592333520848068 0.716997902722186 0.743022326234652 0.688714864798551
0.505765644380061 0.678356637690792 0.396670200551251 0.343451208165685 0.391520602128783 0.394871999551071
0.192113301507183 0.24489718244826 0.660815682951954 0.69131500173334 0.581986068754747 0.601262688783677
0.398929531832399 0.428309265524556 0.572767188818386 0.407260841946035 0.391520602128783 0.416917428169402
0.649920542949551 0.280516448419147 0.240139544313798 0.527343839269194 0.743022326234652 0.549726399984906
0.584519508457784 0.752622578614028 0.38688703453641 0.359657297218124 0.391520602128783 0.430602648651192
0.25751433599895 0.509224029123142 0.660815682951954 0.422802053900328 0.391520602128783 0.406355762377288
0.192113301507183 0.296317747597367 0.582550354833227 0.583995479780231 0.158409710728996 0.512224922535828
0.556250850642659 0.545274478181956 0.562984022803545 0.468491592206549 0.581986068754747 0.498541011134665
0.538183047010328 0.645488635238585 0.49450186069966 0.407260841946035 0.391520602128783 0.450046349501917
0.659170108482798 0.591903381808187 0.230356378298957 0.327069914755952 0.581986068754747 0.434016659134957
0.690192741085259 0.324789306367965 0.377103868521569 0.638605169496458 0.581986068754747 0.640040724728354
0.398929531832399 0.43635625691037 0.748864177085521 0.716997902722186 0.391520602128783 0.652057073408994
0.388316404982483 0.73194189112119 0.337971204462206 0.422802053900328 0.391520602128783 0.409484952866407
0.461768674741401 0.719754576161821 0.572767188818386 0.375691890046923 0.391520602128783 0.413447761877782
0.365148174258755 0.571961759056411 0.562984022803545 0.375691890046923 0.391520602128783 0.386824909713815
0.192113301507183 0.26344974514516 0.709731513026158 0.583995479780231 0.391520602128783 0.521725062707786
0.573463587501794 0.757931233682393 0.445586030625455 0.375691890046923 0.391520602128783 0.439399196363398
0.322915370490717 0.688275633764489 0.709731513026158 0.375691890046923 0.391520602128783 0.39152060212885
0.75089998515248 0.39268999955367 0.357537536491888 0.625136148523405 0.581986068754747 0.647910644909005
0.398929531832399 0.428309265524556 0.729297845055839 0.742252735375008 0.391520602128783 0.66976073366478
0.562077421393132 0.311028405193941 0.484718694684818 0.625136148523405 0.581986068754747 0.601780676618554
0.531947045329097 0.799123460642706 0.347754370477047 0.638605169496458 0.581986068754747 0.598678606142148
0.192113301507183 0.509224029123142 0.553200856788705 0.293766269041321 0.581986068754747 0.294399036696856
0.43682156531596 0.606614039404761 0.465152362655137 0.422802053900328 0.391520602128783 0.429095065706528
0.418669130721792 0.620374940578785 0.406453366566092 0.375691890046923 0.581986068754747 0.389104478796513
0.677140354559515 0.58414907401578 0.337971204462206 0.438185484328747 0.581986068754747 0.506173430329687
0.640480204491652 0.530563820585382 0.572767188818386 0.597833520087582 0.581986068754747 0.6076962519882
0.668240019479871 0.324789306367965 0.337971204462206 0.597833520087582 0.882518277523544 0.604897084669176
0.677140354559515 0.576102082629966 0.533634524759023 0.453414304800156 0.391520602128783 0.525035838000577
0.640480204491652 0.24489718244826 0.514068192729341 0.498203424213467 0.581986068754747 0.539463981015943
0.512511627817166 0.70682819646139 0.915177999337816 0.665189270352692 0.391520602128783 0.647792277428693
0.605745762157615 0.576102082629966 0.62168301889259 0.327069914755952 0.391520602128783 0.43685137784293
0.645224959936402 0.70682819646139 0.377103868521569 0.375691890046923 0.391520602128783 0.460758607246187
0.28460433147867 0.46581266715163 0.846695837233929 0.407260841946035 0.391520602128783 0.420559092854882
0.45371743947425 0.419946626465527 0.602116686862909 0.468491592206549 0.743022326234652 0.473829527413649
0.579031039457725 0.662555338512571 0.562984022803545 0.375691890046923 0.391520602128783 0.4492280192832
0.377095361450157 0.73194189112119 0.435802864610614 0.359657297218124 0.391520602128783 0.36917824332788
0.377095361450157 0.55903537935598 0.670598848966795 0.651955519139038 0.581986068754747 0.594513588921939
0.635684698668103 0.43635625691037 0.249922710328639 0.651955519139038 0.581986068754747 0.630843327248185
0.63083677827438 0.603030426237071 0.514068192729341 0.729677933892271 0.581986068754747 0.694018240250494
0.640480204491652 0.40216800278285 0.416236532580933 0.729677933892271 0.581986068754747 0.692379389360906
0.659170108482798 0.688275633764489 0.514068192729341 0.704210865804917 0.743022326234652 0.682791157521292
0.640480204491652 0.372367966416746 0.337971204462206 0.527343839269194 0.391520602128783 0.549938282794741
0.418669130721792 0.444110564702777 0.553200856788705 0.359657297218124 0.581986068754747 0.389587925067004
0.63083677827438 0.382771003479972 0.592333520848068 0.716997902722186 0.743022326234652 0.688714864798551
0.192113301507183 0.525425741497568 0.592333520848068 0.570029898133436 0.391520602128783 0.502067369584759
0.723433817421218 0.40216800278285 0.337971204462206 0.512843681895435 0.743022326234652 0.566901706372113
0.610884250614597 0.337715686068396 0.26948904235832 0.343451208165685 0.581986068754747 0.425659227246445
0.25751433599895 0.428309265524556 0.582550354833227 0.422802053900328 0.581986068754747 0.399135430956969
0.498871344396122 0.472582123473375 0.445586030625455 0.541706552324988 0.581986068754747 0.525603226621746
0.645224959936402 0.337715686068396 0.484718694684818 0.359657297218124 0.391520602128783 0.458040734409955
0.550329520260324 0.725935297739573 0.435802864610614 0.527343839269194 0.581986068754747 0.528414409413554
0.192113301507183 0.683373809508954 0.73908101107068 0.839262169446543 0.743022326234652 0.722823513606439
0.550329520260324 0.73585429381327 0.484718694684818 0.483420332494312 0.391520602128783 0.501637096434226
0.192113301507183 0.444110564702777 0.954310663397179 0.791533660396896 0.581986068754747 0.700843526734756
0.681529829124736 0.176996489262555 0.347754370477047 0.704210865804917 0.581986068754747 0.682189247201588
0.702911709950465 0.41124256225057 0.347754370477047 0.293766269041321 0.391520602128783 0.440136808431813
0.365148174258755 0.311028405193941 0.62168301889259 0.555934402234205 0.391520602128783 0.517967727675105
0.711217919761901 0.428309265524556 0.347754370477047 0.791533660396896 0.743022326234652 0.751749354561647
0.418669130721792 0.580163538081921 0.553200856788705 0.498203424213467 0.581986068754747 0.482517253176723
0.573463587501794 0.39268999955367 0.406453366566092 0.583995479780231 0.581986068754747 0.572181652618797
0.388316404982483 0.46581266715163 0.680382014981635 0.597833520087582 0.158409710728996 0.557074366380896
0.418669130721792 0.675803074663158 0.631466184907431 0.359657297218124 0.581986068754747 0.39663597533644
0.418669130721792 0.444110564702777 0.514068192729341 0.512843681895435 0.581986068754747 0.490326457201545
0.519118473966017 0.503537826431887 0.641249350922272 0.597833520087582 0.391520602128783 0.581296494015693
0.562077421393132 0.606614039404761 0.641249350922272 0.438185484328747 0.391520602128783 0.48695247988934
0.615960447455952 0.769827065391559 0.602116686862909 0.527343839269194 0.391520602128783 0.556159938940017
0.605745762157615 0.428309265524556 0.660815682951954 0.407260841946035 0.391520602128783 0.483727690712511
0.600542631001451 0.39268999955367 0.553200856788705 0.498203424213467 0.391520602128783 0.529823314115835
0.519118473966017 0.617017076467987 0.553200856788705 0.527343839269194 0.581986068754747 0.526818361923382
0.461768674741401 0.349903001027765 0.474935528669978 0.327069914755952 0.581986068754747 0.376182726717688
0.505765644380061 0.311028405193941 0.553200856788705 0.638605169496458 0.391520602128783 0.602046058414499
0.556250850642659 0.665271553134268 0.474935528669978 0.375691890046923 0.581986068754747 0.435502667368102
0.512511627817166 0.576102082629966 0.62168301889259 0.468491592206549 0.391520602128783 0.490532437196155
0.498871344396122 0.41124256225057 0.582550354833227 0.625136148523405 0.581986068754747 0.592499502862111
0.615960447455952 0.43635625691037 0.396670200551251 0.359657297218124 0.581986068754747 0.442298571050661
0.654568451364619 0.324789306367965 0.396670200551251 0.791533660396896 0.882518277523544 0.739807089057438
0.377095361450157 0.623680742678747 0.465152362655137 0.327069914755952 0.391520602128783 0.350161802679119
0.192113301507183 0.509224029123142 0.553200856788705 0.293766269041321 0.581986068754747 0.294399036696856
0.491818492594122 0.788792445186082 0.435802864610614 0.438185484328747 0.391520602128783 0.452513330143199
0.43682156531596 0.648429646891454 0.5042850267145 0.327069914755952 0.391520602128783 0.37072843472354
0.192113301507183 0.485508503173806 0.651032516937113 0.438185484328747 0.581986068754747 0.40717612949612
0.584519508457784 0.55903537935598 0.523851358744182 0.359657297218124 0.391520602128783 0.439173874549608
0.711217919761901 0.349903001027765 0.347754370477047 0.375691890046923 0.391520602128783 0.483894066515016
0.605745762157615 0.58414907401578 0.562984022803545 0.527343839269194 0.581986068754747 0.550785729042304
0.640480204491652 0.648429646891454 0.543417690773863 0.310509587272358 0.391520602128783 0.435169886075426
0.600542631001451 0.224575149311336 0.308621706417684 0.375691890046923 0.581986068754747 0.441713862143917
0.305391216114487 0.324789306367965 0.631466184907431 0.665189270352692 0.581986068754747 0.591307019126519
0.28460433147867 0.40216800278285 0.651032516937113 0.359657297218124 0.581986068754747 0.366689851586649
0.550329520260324 0.639482041856968 0.602116686862909 0.375691890046923 0.581986068754747 0.442895532281748
0.589932263556444 0.40216800278285 0.445586030625455 0.391558578295532 0.581986068754747 0.454227491167892
0.43682156531596 0.40216800278285 0.709731513026158 0.512843681895435 0.391520602128783 0.508667868736456
0.377095361450157 0.46581266715163 0.680382014981635 0.483420332494312 0.581986068754747 0.473029899320363
0.505765644380061 0.695423340964778 0.62168301889259 0.742252735375008 0.581986068754747 0.68180721204511
0.45371743947425 0.491689224751558 0.562984022803545 0.375691890046923 0.743022326234652 0.410330031680672
0.484595619351981 0.58414907401578 0.553200856788705 0.512843681895435 0.581986068754747 0.508232901343966
0.388316404982483 0.690684924532531 0.484718694684818 0.293766269041321 0.391520602128783 0.334431234669291
0.635684698668103 0.540482816659079 0.582550354833227 0.597833520087582 0.743022326234652 0.606950717516907
0.352312464662174 0.603030426237071 0.484718694684818 0.359657297218124 0.391520602128783 0.366488105046394
0.377095361450157 0.576102082629966 0.602116686862909 0.483420332494312 0.581986068754747 0.466645826167677
0.477189801659812 0.613605484257039 0.797780007159725 0.597833520087582 0.391520602128783 0.583588538604999
0.418669130721792 0.444110564702777 0.699948347011317 0.483420332494312 0.743022326234652 0.483651139965462
0.525594452589857 0.773107437237533 0.396670200551251 0.438185484328747 0.391520602128783 0.46010795712673
0.649920542949551 0.654192699453542 0.533634524759023 0.407260841946035 0.391520602128783 0.489125573852979
0.610884250614597 0.610138416576983 0.396670200551251 0.375691890046923 0.391520602128783 0.449509961141112
0.625934686127748 0.54996081988826 0.5042850267145 0.407260841946035 0.581986068754747 0.479079386522051
0.427920084835637 0.41124256225057 0.49450186069966 0.327069914755952 0.581986068754747 0.36724234222976
0.584519508457784 0.659804074993891 0.651032516937113 0.597833520087582 0.743022326234652 0.597753053711946
0.192113301507183 0.311028405193941 0.699948347011317 0.839262169446543 0.391520602128783 0.720491680825049
0.620976564612699 0.382771003479972 0.396670200551251 0.483420332494312 0.581986068754747 0.518054077967141
0.418669130721792 0.617017076467987 0.377103868521569 0.391558578295532 0.391520602128783 0.397905690101316
0.610884250614597 0.280516448419147 0.484718694684818 0.742252735375008 0.743022326234652 0.697230058274056
0.377095361450157 0.372367966416746 0.523851358744182 0.359657297218124 0.391520602128783 0.375955470080456
0.512511627817166 0.372367966416746 0.308621706417684 0.438185484328747 0.391520602128783 0.452193715997347
0.640480204491652 0.41124256225057 0.406453366566092 0.498203424213467 0.743022326234652 0.53394842907023
0.322915370490717 0.296317747597367 0.474935528669978 0.407260841946035 0.158409710728996 0.391814330549138
0.562077421393132 0.741591499964718 0.5042850267145 0.611546327543722 0.391520602128783 0.593158132646577
0.649920542949551 0.472582123473375 0.406453366566092 0.69131500173334 0.581986068754747 0.666995896237286
0.531947045329097 0.444110564702777 0.367320702506729 0.625136148523405 0.391520602128783 0.589614859585951
0.659170108482798 0.40216800278285 0.465152362655137 0.468491592206549 0.581986068754747 0.524260265056483
0.377095361450157 0.41124256225057 0.660815682951954 0.293766269041321 0.391520602128783 0.348828790962881
0.445410418918533 0.372367966416746 0.602116686862909 0.638605169496458 0.581986068754747 0.592457158909084
0.28460433147867 0.419946626465527 0.651032516937113 0.375691890046923 0.581986068754747 0.377493785661072
0.531947045329097 0.695423340964778 0.445586030625455 0.422802053900328 0.581986068754747 0.454824982232983
0.625934686127748 0.361431212017732 0.308621706417684 0.343451208165685 0.581986068754747 0.432835951456484
0.589932263556444 0.224575149311336 0.416236532580933 0.611546327543722 0.743022326234652 0.596056023168745
0.398929531832399 0.55903537935598 0.49450186069966 0.375691890046923 0.581986068754747 0.389838181152954
0.685880283815454 0.26344974514516 0.543417690773863 0.651955519139038 0.581986068754747 0.654994115870354
0.484595619351981 0.623680742678747 0.719514679040999 0.343451208165685 0.391520602128783 0.414781889779389
0.28460433147867 0.491689224751558 0.543417690773863 0.570029898133436 0.581986068754747 0.510041695434363
0.519118473966017 0.599385551766182 0.602116686862909 0.541706552324988 0.391520602128783 0.53980097080707
0.491818492594122 0.472582123473375 0.758647343100362 0.422802053900328 0.391520602128783 0.467743109063393
0.723433817421218 0.458821222299351 0.367320702506729 0.570029898133436 0.743022326234652 0.604020407690838
0.567813641293532 0.719754576161821 0.455369196640296 0.827470243146482 0.581986068754747 0.750052789873457
0.305391216114487 0.54996081988826 0.210790046269275 0.327069914755952 0.391520602128783 0.315744577464556
0.567813641293532 0.509224029123142 0.426019698595774 0.570029898133436 0.391520602128783 0.561880563377198
0.544308650802436 0.711224640142999 0.514068192729341 0.422802053900328 0.391520602128783 0.462850577413679
0.567813641293532 0.554546372198067 0.455369196640296 0.597833520087582 0.581986068754747 0.582578010138018
0.698707536329883 0.349903001027765 0.230356378298957 0.359657297218124 0.391520602128783 0.466369132023312
0.398929531832399 0.588061476707861 0.572767188818386 0.343451208165685 0.391520602128783 0.375707445552609
0.659170108482798 0.41124256225057 0.230356378298957 0.343451208165685 0.581986068754747 0.442561042447345
0.677140354559515 0.296317747597367 0.445586030625455 0.541706552324988 0.391520602128783 0.574822623413188
0.531947045329097 0.794757028920373 0.426019698595774 0.359657297218124 0.391520602128783 0.414916683955283
0.445410418918533 0.472582123473375 0.416236532580933 0.453414304800156 0.391520602128783 0.449214446919266
0.625934686127748 0.46581266715163 0.533634524759023 0.779362873016635 0.581986068754747 0.729671284548723
0.352312464662174 0.349903001027765 0.592333520848068 0.570029898133436 0.743022326234652 0.524026809828269
0.663726868164092 0.40216800278285 0.533634524759023 0.638605169496458 0.581986068754747 0.639464459673565
0.63083677827438 0.688275633764489 0.337971204462206 0.359657297218124 0.391520602128783 0.444795019893507
0.409023993817465 0.26344974514516 0.484718694684818 0.651955519139038 0.581986068754747 0.589148783506187
0.427920084835637 0.372367966416746 0.474935528669978 0.468491592206549 0.391520602128783 0.458750271985755
0.615960447455952 0.372367966416746 0.562984022803545 0.815585830205421 0.743022326234652 0.755340032977102
0.672710790972158 0.717653869865801 0.318404872432524 0.375691890046923 0.391520602128783 0.468206335432272
0.615960447455952 0.202110183922355 0.455369196640296 0.767093535678137 0.581986068754747 0.715301210327605
0.28460433147867 0.520160783522156 0.562984022803545 0.803607468361309 0.581986068754747 0.692978657518041
0.498871344396122 0.665271553134268 0.474935528669978 0.327069914755952 0.391520602128783 0.388228873234015
0.562077421393132 0.804809663333962 0.435802864610614 0.359657297218124 0.391520602128783 0.425647583685912
0.73142404797562 0.535580992403545 0.249922710328639 0.453414304800156 0.581986068754747 0.531159632352044
0.192113301507183 0.479143255436275 0.62168301889259 0.638605169496458 0.581986068754747 0.557420275633314
0.556250850642659 0.754406856510171 0.474935528669978 0.343451208165685 0.391520602128783 0.416956401160326
0.192113301507183 0.540482816659079 0.602116686862909 0.570029898133436 0.581986068754747 0.502762401101029
0.550329520260324 0.39268999955367 0.49450186069966 0.512843681895435 0.581986068754747 0.521728546030201
0.192113301507183 0.26344974514516 0.543417690773863 0.597833520087582 0.391520602128783 0.520473484047349
0.512511627817166 0.444110564702777 0.328188038447365 0.483420332494312 0.391520602128783 0.483374276549302
0.550329520260324 0.26344974514516 0.62168301889259 0.665189270352692 0.743022326234652 0.634871062697641
0.663726868164092 0.654192699453542 0.367320702506729 0.359657297218124 0.391520602128783 0.458344724128222
0.707081562063873 0.382771003479972 0.347754370477047 0.407260841946035 0.581986068754747 0.499491695259085
0.192113301507183 0.372367966416746 0.631466184907431 0.704210865804917 0.158409710728996 0.609525704282711
0.573463587501794 0.224575149311336 0.308621706417684 0.310509587272358 0.581986068754747 0.395472478280808
0.654568451364619 0.667953600627566 0.670598848966795 0.919331997345263 0.581986068754747 0.844913204533119
0.192113301507183 0.588061476707861 0.572767188818386 0.651955519139038 0.581986068754747 0.56477774267935
0.192113301507183 0.485508503173806 0.651032516937113 0.438185484328747 0.581986068754747 0.40717612949612
0.512511627817166 0.479143255436275 0.279272208373161 0.359657297218124 0.391520602128783 0.400906178993593
0.635684698668103 0.372367966416746 0.5042850267145 0.527343839269194 0.391520602128783 0.556078149774081
0.846123646424851 0.636414075770865 0 0.359657297218124 0.158409710728996 0.522650692708025
0.427920084835637 0.651330643537297 0.484718694684818 0.512843681895435 0.581986068754747 0.490603117752716
0.43682156531596 0.503537826431887 0.836912671219089 0.422802053900328 0.391520602128783 0.46157595363687
0.377095361450157 0.545274478181956 0.562984022803545 0.597833520087582 0.391520602128783 0.547164580781542
0.649920542949551 0.72795635518733 0.543417690773863 0.597833520087582 0.391520602128783 0.608673997054039
0.519118473966017 0.617017076467987 0.553200856788705 0.527343839269194 0.581986068754747 0.526818361923382
0.388316404982483 0.503537826431887 0.5042850267145 0.293766269041321 0.581986068754747 0.336155887374554
0.715321577441318 0.372367966416746 0.445586030625455 0.69131500173334 0.581986068754747 0.685524568370692
0.739297614039559 0.769827065391559 0.26948904235832 0.293766269041321 0.391520602128783 0.452095623159675
0.427920084835637 0.520160783522156 0.602116686862909 0.597833520087582 0.581986068754747 0.559181836651143
0.600542631001451 0.472582123473375 0.0836088880763445 0.391558578295532 0.391520602128783 0.445126383833497
0.525594452589857 0.688275633764489 0.484718694684818 0.422802053900328 0.391520602128783 0.455308584278793
0.377095361450157 0.509224029123142 0.602116686862909 0.375691890046923 0.581986068754747 0.393254884538814
0.505765644380061 0.639482041856968 0.641249350922272 0.791533660396896 0.581986068754747 0.71963817110242
0.305391216114487 0.530563820585382 0.553200856788705 0.293766269041321 0.158409710728996 0.318167367064639
0.635684698668103 0.202110183922355 0.367320702506729 0.583995479780231 0.581986068754747 0.587383225620306
0.63083677827438 0.280516448419147 0.406453366566092 0.651955519139038 0.581986068754747 0.634442670743909
0.377095361450157 0.324789306367965 0.61189985287775 0.803607468361309 0.391520602128783 0.706728768777033
0.43682156531596 0.40216800278285 0.572767188818386 0.422802053900328 0.391520602128783 0.436804417065342
0.605745762157615 0.567739443570937 0.38688703453641 0.583995479780231 0.581986068754747 0.579912811562587
0.672710790972158 0.595677285005747 0.572767188818386 0.327069914755952 0.391520602128783 0.457673541093403
0.694468179499826 0.563431823037589 0.367320702506729 0.597833520087582 0.581986068754747 0.613491173212974
0.512511627817166 0.580163538081921 0.426019698595774 0.438185484328747 0.391520602128783 0.457857669433666
0.505765644380061 0.69775363699367 0.484718694684818 0.468491592206549 0.391520602128783 0.479364883932092
0.192113301507183 0.39268999955367 0.660815682951954 0.343451208165685 0.391520602128783 0.340686705499925
0.477189801659812 0.554546372198067 0.377103868521569 0.375691890046923 0.391520602128783 0.404440639881145
0.445410418918533 0.580163538081921 0.5042850267145 0.343451208165685 0.391520602128783 0.3832584043516
0.192113301507183 0.66118414430582 0.38688703453641 0.375691890046923 0.391520602128783 0.338710729540972
0.365148174258755 0.372367966416746 0.5042850267145 0.391558578295532 0.581986068754747 0.392670880884127
0.388316404982483 0.472582123473375 0.719514679040999 0.638605169496458 0.391520602128783 0.589898965824308
0.305391216114487 0.491689224751558 0.62168301889259 0.453414304800156 0.581986068754747 0.432872107877069
0.685880283815454 0.224575149311336 0.230356378298957 0.391558578295532 0.391520602128783 0.478803633775806
0.63083677827438 0.280516448419147 0.416236532580933 0.803607468361309 0.882518277523544 0.743987156326208
0.668240019479871 0.349903001027765 0.38688703453641 0.729677933892271 0.743022326234652 0.698116257600808
0.365148174258755 0.55903537935598 0.308621706417684 0.453414304800156 0.391520602128783 0.424645745452092
0.525594452589857 0.40216800278285 0.5042850267145 0.359657297218124 0.391520602128783 0.418057140792973
0.754714273006435 0.444110564702777 0.38688703453641 0.570029898133436 0.743022326234652 0.614546997480729
0.544308650802436 0.626936072541684 0.582550354833227 0.375691890046923 0.391520602128783 0.439395506650306
0.649920542949551 0.72795635518733 0.543417690773863 0.597833520087582 0.391520602128783 0.608673997054039
0.192113301507183 0.610138416576983 0.778213675130044 0.422802053900328 0.158409710728996 0.409419865250012
0.398929531832399 0.479143255436275 0.758647343100362 0.570029898133436 0.743022326234652 0.545050643813209
0.727443840467692 0.361431212017732 0.406453366566092 0.896883366276698 0.882518277523544 0.833722621220254
0.25751433599895 0.535580992403545 0.602116686862909 0.555934402234205 0.581986068754747 0.49954471542441
0.491818492594122 0.46581266715163 0.768430509115203 0.422802053900328 0.391520602128783 0.468696586247068
0.305391216114487 0.55903537935598 0.699948347011317 0.767093535678137 0.743022326234652 0.67425377849488
0.645224959936402 0.26344974514516 0.445586030625455 0.779362873016635 0.743022326234652 0.730480870060184
0.445410418918533 0.520160783522156 0.592333520848068 0.468491592206549 0.391520602128783 0.471048185002928
0.409023993817465 0.41124256225057 0.0738257220615034 0.407260841946035 0.391520602128783 0.39578553593334
0.505765644380061 0.723894899735376 0.465152362655137 0.359657297218124 0.391520602128783 0.408926689925651
0.615960447455952 0.497695818133175 0.298838540402843 0.779362873016635 0.581986068754747 0.719401270682798
0.192113301507183 0.576102082629966 0.797780007159725 0.438185484328747 0.391520602128783 0.422491525577216
0.512511627817166 0.55903537935598 0.61189985287775 0.453414304800156 0.158409710728996 0.480023670828369
0.322915370490717 0.337715686068396 0.709731513026158 0.512843681895435 0.581986068754747 0.486195083476423
0.668240019479871 0.224575149311336 0.396670200551251 0.742252735375008 0.743022326234652 0.70742179935286
0.192113301507183 0.514762521407161 0.582550354833227 0.407260841946035 0.391520602128783 0.378041763830523
0.491818492594122 0.280516448419147 0.38688703453641 0.375691890046923 0.391520602128783 0.409488872147726
0.519118473966017 0.723894899735376 0.416236532580933 0.407260841946035 0.391520602128783 0.439401994453732
0.409023993817465 0.509224029123142 0.523851358744182 0.343451208165685 0.391520602128783 0.374242196701719
0.338354460429582 0.451592734660772 0.406453366566092 0.438185484328747 0.581986068754747 0.412767023921969
0.573463587501794 0.554546372198067 0.582550354833227 0.638605169496458 0.743022326234652 0.61913421079345
0.690192741085259 0.713389328424289 0.347754370477047 0.665189270352692 0.581986068754747 0.657278407389651
0.377095361450157 0.525425741497568 0.426019698595774 0.422802053900328 0.581986068754747 0.411678680958719
0.322915370490717 0.58414907401578 0.445586030625455 0.422802053900328 0.391520602128783 0.400874327727466
0.531947045329097 0.419946626465527 0.533634524759023 0.729677933892271 0.581986068754747 0.673186024554839
0.445410418918533 0.361431212017732 0.602116686862909 0.359657297218124 0.391520602128783 0.401404901980918
0.525594452589857 0.46581266715163 0.572767188818386 0.391558578295532 0.391520602128783 0.442177765373069
0.365148174258755 0.40216800278285 0.484718694684818 0.391558578295532 0.391520602128783 0.391195463675346
0.531947045329097 0.588061476707861 0.954310663397179 0.767093535678137 0.743022326234652 0.72717013980731
0.192113301507183 0.24489718244826 0.631466184907431 0.638605169496458 0.581986068754747 0.558077121033555
0.445410418918533 0.603030426237071 0.465152362655137 0.391558578295532 0.391520602128783 0.41076843383399
0.649920542949551 0.361431212017732 0.328188038447365 0.651955519139038 0.391520602128783 0.636706917348987
0.562077421393132 0.665271553134268 0.484718694684818 0.597833520087582 0.581986068754747 0.582556161444801
0.192113301507183 0.428309265524556 0.533634524759023 0.359657297218124 0.581986068754747 0.338759803542278
0.365148174258755 0.503537826431887 0.61189985287775 0.407260841946035 0.581986068754747 0.412216418156099
0.719393298585171 0.642506489223802 0.171657382209912 1.05766176753545 0.391520602128783 0.947762030739505
0.192113301507183 0.24489718244826 0.533634524759023 0.815585830205421 0.743022326234652 0.692914113109642
0.645224959936402 0.794757028920373 0.230356378298957 0.343451208165685 0.391520602128783 0.437219489706061
0.43682156531596 0.530563820585382 0.377103868521569 0.375691890046923 0.391520602128783 0.392479120382904
0.192113301507183 0.296317747597367 0.435802864610614 0.453414304800156 0.581986068754747 0.401336225024788
0.649920542949551 0.554546372198067 0.308621706417684 0.541706552324988 0.743022326234652 0.561172951386574
0.562077421393132 0.665271553134268 0.484718694684818 0.597833520087582 0.581986068754747 0.582556161444801
0.28460433147867 0.702339189303477 0.729297845055839 0.407260841946035 0.581986068754747 0.407200508636531
0.498871344396122 0.41124256225057 0.582550354833227 0.625136148523405 0.581986068754747 0.592499502862111
0.605745762157615 0.224575149311336 0.514068192729341 0.827470243146482 0.743022326234652 0.759921554657884
0.377095361450157 0.43635625691037 0.5042850267145 0.375691890046923 0.581986068754747 0.384941989454948
0.469586391421645 0.55903537935598 0.38688703453641 0.407260841946035 0.581986068754747 0.423099587296154
0.427920084835637 0.617017076467987 0.357537536491888 0.310509587272358 0.581986068754747 0.347408536443495
0.625934686127748 0.176996489262555 0.514068192729341 0.7547240393759 0.581986068754747 0.710929732351918
0.677140354559515 0.633301320279216 0.337971204462206 0.512843681895435 0.581986068754747 0.551930024783302
0.322915370490717 0.43635625691037 0.866262169263611 0.359657297218124 0.581986068754747 0.399989832454956
0.322915370490717 0.46581266715163 0.514068192729341 0.453414304800156 0.581986068754747 0.427689257810665
0.677140354559515 0.630142448216755 0.5042850267145 0.570029898133436 0.743022326234652 0.596007199989574
0.649920542949551 0.11565692803975 0.318404872432524 0.512843681895435 0.391520602128783 0.542703382206492
0.377095361450157 0.43635625691037 0.484718694684818 0.512843681895435 0.581986068754747 0.479709373117406
0.654568451364619 0.280516448419147 0.465152362655137 0.665189270352692 0.391520602128783 0.652182444129591
0.635684698668103 0.202110183922355 0.289055374388002 0.512843681895435 0.581986068754747 0.537338976014728
0.615960447455952 0.361431212017732 0.533634524759023 0.651955519139038 0.581986068754747 0.636294985134311
0.556250850642659 0.623680742678747 0.641249350922272 0.375691890046923 0.581986068754747 0.448059408217964
0.668240019479871 0.349903001027765 0.38688703453641 0.729677933892271 0.743022326234652 0.698116257600808
0.654568451364619 0.642506489223802 0.680382014981635 0.407260841946035 0.391520602128783 0.501455556223775
0.531947045329097 0.509224029123142 0.347754370477047 0.611546327543722 0.581986068754747 0.579093722577205
0.654568451364619 0.280516448419147 0.406453366566092 0.678308442196004 0.743022326234652 0.659016541020746
0.461768674741401 0.24489718244826 0.787996841144884 0.651955519139038 0.391520602128783 0.61808647619541
0.573463587501794 0.739696198913597 0.562984022803545 0.375691890046923 0.391520602128783 0.447379164724016
0.567813641293532 0.40216800278285 0.484718694684818 0.625136148523405 0.391520602128783 0.603170317418395
0.698707536329883 0.361431212017732 0.484718694684818 0.779362873016635 0.581986068754747 0.744545190487442
0.377095361450157 0.54996081988826 0.426019698595774 0.391558578295532 0.581986068754747 0.390038268466688
0.605745762157615 0.444110564702777 0.455369196640296 0.803607468361309 0.743022326234652 0.739959124401369
0.584519508457784 0.545274478181956 0.660815682951954 0.327069914755952 0.391520602128783 0.43279488108608
0.620976564612699 0.46581266715163 0.337971204462206 0.597833520087582 0.391520602128783 0.591741874664415
0.377095361450157 0.690684924532531 0.523851358744182 0.327069914755952 0.581986068754747 0.355081508583498
0.512511627817166 0.785746393891541 0.396670200551251 0.375691890046923 0.391520602128783 0.416543529879713
0.192113301507183 0.428309265524556 0.553200856788705 0.391558578295532 0.158409710728996 0.363827316176787
0.649920542949551 0.603030426237071 0.49450186069966 0.468491592206549 0.581986068754747 0.522880382899157
0.625934686127748 0.535580992403545 0.709731513026158 0.527343839269194 0.581986068754747 0.566525718724098
0.519118473966017 0.545274478181956 0.670598848966795 0.742252735375008 0.581986068754747 0.687149605038077
0.505765644380061 0.311028405193941 0.553200856788705 0.638605169496458 0.391520602128783 0.602046058414499
0.338354460429582 0.530563820585382 0.602116686862909 0.665189270352692 0.581986068754747 0.594106363289325
0.531947045329097 0.444110564702777 0.367320702506729 0.625136148523405 0.391520602128783 0.589614859585951
0.694468179499826 0.311028405193941 0.38688703453641 0.391558578295532 0.391520602128783 0.487944528989841
0.445410418918533 0.623680742678747 0.514068192729341 0.527343839269194 0.581986068754747 0.506630453317242
0.579031039457725 0.444110564702777 0.426019698595774 0.625136148523405 0.743022326234652 0.603276877809168
0.365148174258755 0.673218558602978 0.533634524759023 0.468491592206549 0.391520602128783 0.448473773185647
0.649920542949551 0.382771003479972 0.171657382209912 0.438185484328747 0.743022326234652 0.491745564761272
0.512511627817166 0.311028405193941 0.5042850267145 0.293766269041321 0.581986068754747 0.376702369025434
0.469586391421645 0.599385551766182 0.523851358744182 0.359657297218124 0.391520602128783 0.40196277989886
0.640480204491652 0.296317747597367 0.484718694684818 0.422802053900328 0.581986068754747 0.491849516695735
0.192113301507183 0.591903381808187 0.670598848966795 0.327069914755952 0.391520602128783 0.330690317446379
0.469586391421645 0.794757028920373 0.347754370477047 0.327069914755952 0.391520602128783 0.370325835888428
0.377095361450157 0.41124256225057 0.73908101107068 0.611546327543722 0.581986068754747 0.569562130315775
0.192113301507183 0.514762521407161 0.553200856788705 0.327069914755952 0.581986068754747 0.31744212054204
0.600542631001451 0.337715686068396 0.357537536491888 0.453414304800156 0.391520602128783 0.490916826176107
0.567813641293532 0.680879980327997 0.592333520848068 0.293766269041321 0.391520602128783 0.403869161091657
0.445410418918533 0.576102082629966 0.416236532580933 0.375691890046923 0.391520602128783 0.397307089081919
0.25751433599895 0.58414907401578 0.690165180996476 0.638605169496458 0.581986068754747 0.568932038522804
0.544308650802436 0.648429646891454 0.523851358744182 0.453414304800156 0.391520602128783 0.482832958868646
0.690192741085259 0.361431212017732 0.49450186069966 0.527343839269194 0.743022326234652 0.572110286481768
0.620976564612699 0.673218558602978 0.514068192729341 0.407260841946035 0.581986068754747 0.478032711277023
0.579031039457725 0.514762521407161 0.523851358744182 0.327069914755952 0.391520602128783 0.4194808676449
0.484595619351981 0.606614039404761 0.543417690773863 0.583995479780231 0.391520602128783 0.557561779973454
0.635684698668103 0.419946626465527 0.543417690773863 0.468491592206549 0.581986068754747 0.521258068077196
0.672710790972158 0.651330643537297 0.171657382209912 0.704210865804917 0.882518277523544 0.675892086535245
0.498871344396122 0.606614039404761 0.289055374388002 0.327069914755952 0.391520602128783 0.377139675745011
0.567813641293532 0.458821222299351 0.426019698595774 0.343451208165685 0.391520602128783 0.417823634881807
0.600542631001451 0.46581266715163 0.445586030625455 0.483420332494312 0.391520602128783 0.514192370171501
0.677140354559515 0.41124256225057 0.279272208373161 0.583995479780231 0.581986068754747 0.596386621943215
0.615960447455952 0.43635625691037 0.396670200551251 0.359657297218124 0.581986068754747 0.442298571050661
0.418669130721792 0.580163538081921 0.543417690773863 0.310509587272358 0.391520602128783 0.358717489898313
0.672710790972158 0.525425741497568 0.396670200551251 0.638605169496458 0.581986068754747 0.63592566749004
0.579031039457725 0.509224029123142 0.416236532580933 0.611546327543722 0.581986068754747 0.593287945662488
0.743192213455483 0.311028405193941 0.201006880254434 0.704210865804917 0.743022326234652 0.695173261981511
0.645224959936402 0.202110183922355 0.38688703453641 0.742252735375008 0.743022326234652 0.701553744141492
0.649920542949551 0.479143255436275 0.602116686862909 0.453414304800156 0.581986068754747 0.520556308694256
0.418669130721792 0.73585429381327 0.445586030625455 0.359657297218124 0.391520602128783 0.381254396896538
0.589932263556444 0.525425741497568 0.699948347011317 0.779362873016635 0.743022326234652 0.7303236779844
0.635684698668103 0.224575149311336 0.455369196640296 0.7547240393759 0.743022326234652 0.710772859396738
0.531947045329097 0.540482816659079 0.396670200551251 0.729677933892271 0.581986068754747 0.667505961055832
0.735375095276021 0.382771003479972 0.357537536491888 0.327069914755952 0.581986068754747 0.46935521550469
0.73142404797562 0.472582123473375 0.279272208373161 0.310509587272358 0.581986068754747 0.456747931210553
0.491818492594122 0.514762521407161 0.514068192729341 0.611546327543722 0.581986068754747 0.577323364019759
0.562077421393132 0.642506489223802 0.455369196640296 0.597833520087582 0.581986068754747 0.581139130357998
0.322915370490717 0.630142448216755 0.533634524759023 0.359657297218124 0.158409710728996 0.363541560001328
0.635684698668103 0.382771003479972 0.435802864610614 0.570029898133436 0.743022326234652 0.580789506672443
0.595272354336887 0.349903001027765 0.38688703453641 0.359657297218124 0.391520602128783 0.434391653372411
0.322915370490717 0.693067295287366 0.347754370477047 0.359657297218124 0.391520602128783 0.349815588291469
0.28460433147867 0.617017076467987 0.748864177085521 0.438185484328747 0.391520602128783 0.430544704466302
0.550329520260324 0.613605484257039 0.445586030625455 0.483420332494312 0.581986068754747 0.49946371302642
0.694468179499826 0.458821222299351 0.308621706417684 0.729677933892271 0.581986068754747 0.702386520662254
0.600542631001451 0.148524930491957 0.377103868521569 0.651955519139038 0.743022326234652 0.625704140124171
0.322915370490717 0.688275633764489 0.709731513026158 0.375691890046923 0.391520602128783 0.39152060212885
0.654568451364619 0.509224029123142 0.201006880254434 0.359657297218124 0.391520602128783 0.448677639992335
0.322915370490717 0.311028405193941 0.445586030625455 0.391558578295532 0.391520602128783 0.378616879105422
0.620976564612699 0.58414907401578 0.602116686862909 0.541706552324988 0.581986068754747 0.566909877037914
0.525594452589857 0.55903537935598 0.592333520848068 0.327069914755952 0.581986068754747 0.406549893409777
0.525594452589857 0.756176326950194 0.553200856788705 0.359657297218124 0.391520602128783 0.421738430060738
0.615960447455952 0.296317747597367 0.377103868521569 0.375691890046923 0.581986068754747 0.450292454038962
0.512511627817166 0.479143255436275 0.279272208373161 0.359657297218124 0.391520602128783 0.400906178993593
0.567813641293532 0.793281452343995 0.484718694684818 0.375691890046923 0.391520602128783 0.439979027415517
0.512511627817166 0.497695818133175 0.514068192729341 0.359657297218124 0.391520602128783 0.414558132347632
0.398929531832399 0.296317747597367 0.484718694684818 0.527343839269194 0.391520602128783 0.494755814692134
0.723433817421218 0.554546372198067 0.435802864610614 0.293766269041321 0 0.453217415067108
0.192113301507183 0.479143255436275 0.62168301889259 0.638605169496458 0.581986068754747 0.557420275633314
0.556250850642659 0.530563820585382 0.49450186069966 0.293766269041321 0.391520602128783 0.391660269546458
0.556250850642659 0.41124256225057 0.426019698595774 0.541706552324988 0.581986068754747 0.539333544674464
0.562077421393132 0.741591499964718 0.484718694684818 0.665189270352692 0.158409710728996 0.630381480966079
0.672710790972158 0.361431212017732 0.435802864610614 0.375691890046923 0.391520602128783 0.473823748993366
0.388316404982483 0.713389328424289 0.807563173174566 0.850963037492175 0.391520602128783 0.756115889708957
0.600542631001451 0.311028405193941 0.367320702506729 0.375691890046923 0.391520602128783 0.444389980193923
0.192113301507183 0.444110564702777 0.592333520848068 0.359657297218124 0.391520602128783 0.344540691104259
0.649920542949551 0.337715686068396 0.396670200551251 0.597833520087582 0.581986068754747 0.601863001578836
0.605745762157615 0.382771003479972 0.328188038447365 0.583995479780231 0.581986068754747 0.577745849511956
0.377095361450157 0.55903537935598 0.396670200551251 0.453414304800156 0.391520602128783 0.431655433417999
0.584519508457784 0.514762521407161 0.582550354833227 0.704210865804917 0.391520602128783 0.668360856451307
0.73142404797562 0.419946626465527 0.367320702506729 0.704210865804917 0.391520602128783 0.696011231261023
0.512511627817166 0.554546372198067 0.445586030625455 0.391558578295532 0.391520602128783 0.429269020818847
0.418669130721792 0.540482816659079 0.748864177085521 0.483420332494312 0.391520602128783 0.4880102336095
0.519118473966017 0.509224029123142 0.337971204462206 0.422802053900328 0.391520602128783 0.445356815133182
0.538183047010328 0.715532260676347 0.445586030625455 0.69131500173334 0.743022326234652 0.642322915968164
0.409023993817465 0.46581266715163 0.582550354833227 0.438185484328747 0.391520602128783 0.440942924434542
0.645224959936402 0.563431823037589 0.220573212284116 0.407260841946035 0.581986068754747 0.472822676524476
0.498871344396122 0.645488635238585 0.240139544313798 0.327069914755952 0.391520602128783 0.375082988774513
