0.672710790972158 0.202110183922355 0.514068192729341 0.498203424213467 0.158409710728996 0.5067586653824
0.525594452589857 0.654192699453542 0.582550354833227 0.375691890046923 0.581986068754747 0.552199346436298
0.192113301507183 0.41124256225057 0.602116686862909 0.611546327543722 0.581986068754747 0.498498855681117
0.685880283815454 0.372367966416746 0.328188038447365 0.611546327543722 0.743022326234652 0.482222045197483
0.477189801659812 0.711224640142999 0.347754370477047 0.391558578295532 0.581986068754747 0.432600660650835
0.192113301507183 0.479143255436275 0.455369196640296 0.407260841946035 0.391520602128783 0.429429712623959
0.43682156531596 0.503537826431887 0.543417690773863 0.555934402234205 0.391520602128783 0.521855568636098
0.469586391421645 0.372367966416746 0.474935528669978 0.483420332494312 0.581986068754747 0.472099543065446
0.377095361450157 0.620374940578785 0.308621706417684 0.391558578295532 0.391520602128783 0.385589613826561
0.469586391421645 0.58414907401578 0.61189985287775 0.453414304800156 0.391520602128783 0.522139952274805
0.305391216114487 0.535580992403545 0.62168301889259 0.583995479780231 0.581986068754747 0.558004512209836
0.388316404982483 0.349903001027765 0.602116686862909 0.638605169496458 0.581986068754747 0.486267143343565
0.567813641293532 0.745332297042451 0.406453366566092 0.375691890046923 0.391520602128783 0.4816169599493
0.677140354559515 0.58414907401578 0.337971204462206 0.438185484328747 0.581986068754747 0.505619300374471
0.365148174258755 0.610138416576983 0.474935528669978 0.343451208165685 0.391520602128783 0.416407491079588
0.398929531832399 0.26344974514516 0.719514679040999 0.625136148523405 0.158409710728996 0.503024418025732
0.418669130721792 0.40216800278285 0.533634524759023 0.483420332494312 0.743022326234652 0.448657546356638
0.491818492594122 0.46581266715163 0.768430509115203 0.422802053900328 0.391520602128783 0.479973266002431
0.477189801659812 0.554546372198067 0.572767188818386 0.453414304800156 0.581986068754747 0.512671460349674
0.25751433599895 0.280516448419147 0.699948347011317 0.651955519139038 0.391520602128783 0.450560935355926
0.625934686127748 0.337715686068396 0.514068192729341 0.597833520087582 0.743022326234652 0.552558483532396
0.192113301507183 0.337715686068396 0.445586030625455 0.359657297218124 0.581986068754747 0.348446311174217
0.25751433599895 0.514762521407161 0.523851358744182 0.570029898133436 0.581986068754747 0.519294804013344
0.668240019479871 0.224575149311336 0.210790046269275 0.583995479780231 0.743022326234652 0.389429469821423
0.484595619351981 0.567739443570937 0.758647343100362 0.791533660396896 0.581986068754747 0.655204751643647
0.556250850642659 0.54996081988826 0.298838540402843 0.453414304800156 0.581986068754747 0.497562175223876
0.418669130721792 0.382771003479972 0.465152362655137 0.422802053900328 0.581986068754747 0.420906290374134
0.550329520260324 0.678356637690792 0.572767188818386 0.293766269041321 0.391520602128783 0.561448971416706
0.525594452589857 0.723894899735376 0.465152362655137 0.438185484328747 0.391520602128783 0.494394825154107
0.388316404982483 0.545274478181956 0.641249350922272 0.815585830205421 0.882518277523544 0.59054815228612
0.28460433147867 0.761398301362449 0.651032516937113 0.438185484328747 0.391520602128783 0.536310553688263
0.649920542949551 0.324789306367965 0.347754370477047 0.189224483672455 0 0.337771988907646
0.192113301507183 0.509224029123142 0.5042850267145 0.651955519139038 0.581986068754747 0.507718797540963
0.723433817421218 0.525425741497568 0.357537536491888 0.422802053900328 0.581986068754747 0.471307821996498
0.322915370490717 0.591903381808187 0.396670200551251 0.583995479780231 0.581986068754747 0.48229306100241
0.388316404982483 0.444110564702777 0.602116686862909 0.453414304800156 0.743022326234652 0.449587132245522
0.649920542949551 0.535580992403545 0.660815682951954 0.310509587272358 0.391520602128783 0.587893531532162
0.352312464662174 0.680879980327997 0.690165180996476 0.375691890046923 0.391520602128783 0.515157927227903
0.491818492594122 0.202110183922355 0.347754370477047 0.422802053900328 0.581986068754747 0.38260070224732
0.377095361450157 0.545274478181956 0.426019698595774 0.422802053900328 0.391520602128783 0.425255870355965
0.531947045329097 0.659804074993891 0.318404872432524 0.310509587272358 0.581986068754747 0.416991790829377
0.719393298585171 0.176996489262555 0.455369196640296 0.597833520087582 0.391520602128783 0.521440559591282
0.584519508457784 0.324789306367965 0.367320702506729 0.375691890046923 0.581986068754747 0.372867557781065
0.735375095276021 0.41124256225057 0.191223714239594 0.827470243146482 0.581986068754747 0.560044580047337
0.654568451364619 0.382771003479972 0.308621706417684 0.327069914755952 0.581986068754747 0.354753579130449
0.640480204491652 0.479143255436275 0.455369196640296 0.453414304800156 0.581986068754747 0.467559106523889
0.610884250614597 0.610138416576983 0.396670200551251 0.375691890046923 0.391520602128783 0.494174288590158
0.498871344396122 0.472582123473375 0.318404872432524 0.375691890046923 0.391520602128783 0.420161801713689
0.698707536329883 0.645488635238585 0.289055374388002 0.527343839269194 0.391520602128783 0.581743657778169
0.491818492594122 0.688275633764489 0.377103868521569 0.327069914755952 0.391520602128783 0.431119163795435
0.388316404982483 0.563431823037589 0.523851358744182 0.541706552324988 0.743022326234652 0.532185710216143
0.556250850642659 0.620374940578785 0.641249350922272 0.343451208165685 0.391520602128783 0.585710701799107
0.491818492594122 0.491689224751558 0.514068192729341 0.375691890046923 0.391520602128783 0.491931892936808
0.305391216114487 0.685838807648787 0.680382014981635 0.963255504120144 0.882518277523544 0.685163837922975
0.398929531832399 0.24489718244826 0.62168301889259 0.570029898133436 0.581986068754747 0.477502972996299
0.584519508457784 0.296317747597367 0.357537536491888 0.453414304800156 0.581986068754747 0.4024096143024
0.398929531832399 0.571961759056411 0.699948347011317 0.625136148523405 0.581986068754747 0.596865672925954
0.600542631001451 0.535580992403545 0.49450186069966 0.791533660396896 0.743022326234652 0.566827356142114
0.694468179499826 0.311028405193941 0.38688703453641 0.391558578295532 0.391520602128783 0.391520602128747
0.491818492594122 0.779520551169971 0.5042850267145 0.375691890046923 0.391520602128783 0.499783892999791
0.645224959936402 0.382771003479972 0.357537536491888 0.527343839269194 0.391520602128783 0.449775033089754
0.512511627817166 0.777935265322165 0.5042850267145 0.343451208165685 0.391520602128783 0.510232932963163
0.192113301507183 0.280516448419147 0.670598848966795 0.327069914755952 0.391520602128783 0.304614095476165
0.525594452589857 0.756176326950194 0.553200856788705 0.359657297218124 0.391520602128783 0.539878364000423
0.427920084835637 0.497695818133175 0.787996841144884 0.422802053900328 0.391520602128783 0.462184811274967
0.484595619351981 0.599385551766182 0.523851358744182 0.391558578295532 0.581986068754747 0.503148388058684
0.427920084835637 0.610138416576983 0.61189985287775 0.570029898133436 0.581986068754747 0.588363310611109
0.305391216114487 0.595677285005747 0.553200856788705 0.498203424213467 0.391520602128783 0.523673113728605
0.600542631001451 0.54996081988826 0.61189985287775 0.555934402234205 0.581986068754747 0.576402174191157
0.305391216114487 0.554546372198067 0.758647343100362 0.625136148523405 0.158409710728996 0.587888908457515
0.28460433147867 0.54996081988826 0.651032516937113 0.597833520087582 0.391520602128783 0.572264904171582
0.610884250614597 0.337715686068396 0.26948904235832 0.343451208165685 0.581986068754747 0.342542418535699
0.620976564612699 0.571961759056411 0.709731513026158 0.512843681895435 0.581986068754747 0.595080924443918
0.584519508457784 0.503537826431887 0.523851358744182 0.327069914755952 0.581986068754747 0.513316378337504
0.550329520260324 0.639482041856968 0.62168301889259 0.359657297218124 0.391520602128783 0.583065898131132
0.45371743947425 0.659804074993891 0.455369196640296 0.343451208165685 0.391520602128783 0.456159057213333
0.338354460429582 0.361431212017732 0.484718694684818 0.391558578295532 0.158409710728996 0.375960220636287
0.654568451364619 0.361431212017732 0.289055374388002 0.651955519139038 0.581986068754747 0.494144752292747
0.192113301507183 0.26344974514516 0.719514679040999 0.583995479780231 0.391520602128783 0.410971934292975
0.427920084835637 0.530563820585382 0.523851358744182 0.327069914755952 0.391520602128783 0.471790440776609
0.562077421393132 0.651330643537297 0.455369196640296 0.422802053900328 0.581986068754747 0.504842950275158
0.615960447455952 0.382771003479972 0.572767188818386 0.678308442196004 0.581986068754747 0.593009525633604
0.690192741085259 0.41124256225057 0.474935528669978 0.729677933892271 0.743022326234652 0.57357642689361
0.484595619351981 0.40216800278285 0.572767188818386 0.302161054404645 0.158409710728996 0.440543079732715
0.469586391421645 0.651330643537297 0.328188038447365 0.359657297218124 0.391520602128783 0.411365458274847
0.672710790972158 0.620374940578785 0.289055374388002 0.527343839269194 0.581986068754747 0.570266122254467
0.418669130721792 0.444110564702777 0.690165180996476 0.453414304800156 0.391520602128783 0.450313798637732
0.659170108482798 0.40216800278285 0.465152362655137 0.468491592206549 0.581986068754747 0.46825117275984
0.690192741085259 0.717653869865801 0.318404872432524 0.453414304800156 0.391520602128783 0.56178541662534
0.192113301507183 0.58414907401578 0.719514679040999 0.555934402234205 0.581986068754747 0.569938143508047
0.28460433147867 0.685838807648787 0.660815682951954 0.407260841946035 0.581986068754747 0.523274166901105
0.625934686127748 0.41124256225057 0.259705876343479 0.327069914755952 0.743022326234652 0.367286181792896
0.654568451364619 0.670602329898385 0.230356378298957 0.375691890046923 0.581986068754747 0.503196286351601
0.192113301507183 0.280516448419147 0.797780007159725 0.665189270352692 0.158409710728996 0.457303412021198
0.525594452589857 0.797677896025604 0.445586030625455 0.407260841946035 0.391520602128783 0.484374011316617
0.305391216114487 0.324789306367965 0.631466184907431 0.665189270352692 0.581986068754747 0.465137008420726
0.625934686127748 0.39268999955367 0.465152362655137 0.375691890046923 0.391520602128783 0.427112876884036
0.645224959936402 0.419946626465527 0.308621706417684 0.343451208165685 0.581986068754747 0.380248401185944
0.377095361450157 0.509224029123142 0.484718694684818 0.391558578295532 0.581986068754747 0.434310100763249
0.525594452589857 0.46581266715163 0.455369196640296 0.343451208165685 0.581986068754747 0.460632452552727
0.600542631001451 0.24489718244826 0.474935528669978 0.665189270352692 0.581986068754747 0.532837940546078
0.544308650802436 0.311028405193941 0.543417690773863 0.310509587272358 0.391520602128783 0.417175563739515
0.477189801659812 0.73194189112119 0.5042850267145 0.375691890046923 0.391520602128783 0.491443936951647
0.562077421393132 0.711224640142999 0.631466184907431 0.375691890046923 0.391520602128783 0.594427793044861
0.615960447455952 0.349903001027765 0.367320702506729 0.651955519139038 0.391520602128783 0.481179693703919
0.388316404982483 0.361431212017732 0.680382014981635 0.422802053900328 0.158409710728996 0.406192945196421
0.723433817421218 0.688275633764489 0.836912671219089 0.665189270352692 0.581986068754747 0.705270072652154
0.445410418918533 0.623680742678747 1.07170865557527 0.862574242832827 0.158409710728996 0.734517227603883
0.579031039457725 0.576102082629966 0.49450186069966 0.570029898133436 0.391520602128783 0.572827436617845
0.25751433599895 0.472582123473375 0.729297845055839 0.827470243146482 0.581986068754747 0.590642828971046
0.600542631001451 0.472582123473375 0.0836088880763445 0.391558578295532 0.391520602128783 0.42962074889608
0.352312464662174 0.514762521407161 0.533634524759023 0.422802053900328 0.581986068754747 0.46495916537355
0.28460433147867 0.491689224751558 0.543417690773863 0.570029898133436 0.581986068754747 0.515534942265646
0.512511627817166 0.148524930491957 0.62168301889259 0.651955519139038 0.158409710728996 0.562623620913074
0.365148174258755 0.595677285005747 0.778213675130044 0.69131500173334 0.581986068754747 0.640075342538441
0.461768674741401 0.571961759056411 0.670598848966795 0.512843681895435 0.391520602128783 0.540658900210225
0.352312464662174 0.678356637690792 0.690165180996476 0.407260841946035 0.391520602128783 0.531176635731285
0.702911709950465 0.704595506277333 0.347754370477047 0.310509587272358 0.391520602128783 0.509980267390654
0.562077421393132 0.793281452343995 0.38688703453641 0.375691890046923 0.391520602128783 0.4688103602635
0.192113301507183 0.444110564702777 0.62168301889259 0.767093535678137 0.581986068754747 0.526413802688203
0.469586391421645 0.444110564702777 0.699948347011317 0.375691890046923 0.581986068754747 0.457647392868104
0.595272354336887 0.349903001027765 0.38688703453641 0.359657297218124 0.391520602128783 0.373813820138006
0.192113301507183 0.576102082629966 0.670598848966795 0.678308442196004 0.391520602128783 0.619325481283616
0.491818492594122 0.46581266715163 0.768430509115203 0.422802053900328 0.391520602128783 0.479973266002431
0.640480204491652 0.451592734660772 0.26948904235832 0.375691890046923 0.391520602128783 0.411917187077598
0.63083677827438 0.382771003479972 0.592333520848068 0.716997902722186 0.743022326234652 0.610630310698379
0.505765644380061 0.678356637690792 0.396670200551251 0.343451208165685 0.391520602128783 0.447922064080732
0.192113301507183 0.24489718244826 0.660815682951954 0.69131500173334 0.581986068754747 0.435112508829921
0.398929531832399 0.428309265524556 0.572767188818386 0.407260841946035 0.391520602128783 0.418066561852309
0.649920542949551 0.280516448419147 0.240139544313798 0.527343839269194 0.743022326234652 0.394262238425437
0.584519508457784 0.752622578614028 0.38688703453641 0.359657297218124 0.391520602128783 0.478539623388015
0.25751433599895 0.509224029123142 0.660815682951954 0.422802053900328 0.391520602128783 0.463524892918697
0.192113301507183 0.296317747597367 0.582550354833227 0.583995479780231 0.158409710728996 0.427061489892326
0.556250850642659 0.545274478181956 0.562984022803545 0.468491592206549 0.581986068754747 0.550343316372586
0.538183047010328 0.645488635238585 0.49450186069966 0.407260841946035 0.391520602128783 0.515338086206647
0.659170108482798 0.591903381808187 0.230356378298957 0.327069914755952 0.581986068754747 0.448583195475858
0.690192741085259 0.324789306367965 0.377103868521569 0.638605169496458 0.581986068754747 0.496965839298052
0.398929531832399 0.43635625691037 0.748864177085521 0.716997902722186 0.391520602128783 0.564797490323468
0.388316404982483 0.73194189112119 0.337971204462206 0.422802053900328 0.391520602128783 0.406618470124993
0.461768674741401 0.719754576161821 0.572767188818386 0.375691890046923 0.391520602128783 0.513678425652837
0.365148174258755 0.571961759056411 0.562984022803545 0.375691890046923 0.391520602128783 0.461308440785701
0.192113301507183 0.26344974514516 0.709731513026158 0.583995479780231 0.391520602128783 0.41089119358273
0.573463587501794 0.757931233682393 0.445586030625455 0.375691890046923 0.391520602128783 0.505514319249906
0.322915370490717 0.688275633764489 0.709731513026158 0.375691890046923 0.391520602128783 0.518636209523627
0.75089998515248 0.39268999955367 0.357537536491888 0.625136148523405 0.581986068754747 0.499893708401913
0.398929531832399 0.428309265524556 0.729297845055839 0.742252735375008 0.391520602128783 0.565887534507471
0.562077421393132 0.311028405193941 0.484718694684818 0.625136148523405 0.581986068754747 0.52057138654879
0.531947045329097 0.799123460642706 0.347754370477047 0.638605169496458 0.581986068754747 0.581986068755003
0.192113301507183 0.509224029123142 0.553200856788705 0.293766269041321 0.581986068754747 0.392535833532257
0.43682156531596 0.606614039404761 0.465152362655137 0.422802053900328 0.391520602128783 0.450928655969238
0.418669130721792 0.620374940578785 0.406453366566092 0.375691890046923 0.581986068754747 0.413697389560727
0.677140354559515 0.58414907401578 0.337971204462206 0.438185484328747 0.581986068754747 0.505619300374471
0.640480204491652 0.530563820585382 0.572767188818386 0.597833520087582 0.581986068754747 0.584567768227149
0.668240019479871 0.324789306367965 0.337971204462206 0.597833520087582 0.882518277523544 0.457239909971668
0.677140354559515 0.576102082629966 0.533634524759023 0.453414304800156 0.391520602128783 0.553864722053818
0.640480204491652 0.24489718244826 0.514068192729341 0.498203424213467 0.581986068754747 0.506492665557791
0.512511627817166 0.70682819646139 0.915177999337816 0.665189270352692 0.391520602128783 0.685926649065412
0.605745762157615 0.576102082629966 0.62168301889259 0.327069914755952 0.391520602128783 0.58977285348839
0.645224959936402 0.70682819646139 0.377103868521569 0.375691890046923 0.391520602128783 0.500071974146347
0.28460433147867 0.46581266715163 0.846695837233929 0.407260841946035 0.391520602128783 0.437146818284823
0.45371743947425 0.419946626465527 0.602116686862909 0.468491592206549 0.743022326234652 0.461568090586111
0.579031039457725 0.662555338512571 0.562984022803545 0.375691890046923 0.391520602128783 0.571002549497475
0.377095361450157 0.73194189112119 0.435802864610614 0.359657297218124 0.391520602128783 0.406353045509133
0.377095361450157 0.55903537935598 0.670598848966795 0.651955519139038 0.581986068754747 0.60162891737165
0.635684698668103 0.43635625691037 0.249922710328639 0.651955519139038 0.581986068754747 0.527530374575004
0.63083677827438 0.603030426237071 0.514068192729341 0.729677933892271 0.581986068754747 0.616546237316079
0.640480204491652 0.40216800278285 0.416236532580933 0.729677933892271 0.581986068754747 0.519392120260146
0.659170108482798 0.688275633764489 0.514068192729341 0.704210865804917 0.743022326234652 0.672595069944261
0.640480204491652 0.372367966416746 0.337971204462206 0.527343839269194 0.391520602128783 0.444084245525339
0.418669130721792 0.444110564702777 0.553200856788705 0.359657297218124 0.581986068754747 0.431189392568316
0.63083677827438 0.382771003479972 0.592333520848068 0.716997902722186 0.743022326234652 0.610630310698379
0.192113301507183 0.525425741497568 0.592333520848068 0.570029898133436 0.391520602128783 0.545981994494532
0.723433817421218 0.40216800278285 0.337971204462206 0.512843681895435 0.743022326234652 0.454455219430508
0.610884250614597 0.337715686068396 0.26948904235832 0.343451208165685 0.581986068754747 0.342542418535699
0.25751433599895 0.428309265524556 0.582550354833227 0.422802053900328 0.581986068754747 0.426590333510497
0.498871344396122 0.472582123473375 0.445586030625455 0.541706552324988 0.581986068754747 0.48494279256772
0.645224959936402 0.337715686068396 0.484718694684818 0.359657297218124 0.391520602128783 0.418101599647162
0.550329520260324 0.725935297739573 0.435802864610614 0.527343839269194 0.581986068754747 0.53929143215561
0.192113301507183 0.683373809508954 0.73908101107068 0.839262169446543 0.743022326234652 0.709643912349704
0.550329520260324 0.73585429381327 0.484718694684818 0.483420332494312 0.391520602128783 0.516216450254964
0.192113301507183 0.444110564702777 0.954310663397179 0.791533660396896 0.581986068754747 0.604133485126203
0.681529829124736 0.176996489262555 0.347754370477047 0.704210865804917 0.581986068754747 0.500387752170981
0.702911709950465 0.41124256225057 0.347754370477047 0.293766269041321 0.391520602128783 0.37915866173686
0.365148174258755 0.311028405193941 0.62168301889259 0.555934402234205 0.391520602128783 0.452829124310443
0.711217919761901 0.428309265524556 0.347754370477047 0.791533660396896 0.743022326234652 0.558185770647012
0.418669130721792 0.580163538081921 0.553200856788705 0.498203424213467 0.581986068754747 0.523545078392876
0.573463587501794 0.39268999955367 0.406453366566092 0.583995479780231 0.581986068754747 0.482819329737172
0.388316404982483 0.46581266715163 0.680382014981635 0.597833520087582 0.158409710728996 0.526792193653756
0.418669130721792 0.675803074663158 0.631466184907431 0.359657297218124 0.581986068754747 0.516226435202025
0.418669130721792 0.444110564702777 0.514068192729341 0.512843681895435 0.581986068754747 0.475513338605777
0.519118473966017 0.503537826431887 0.641249350922272 0.597833520087582 0.391520602128783 0.555428528064658
0.562077421393132 0.606614039404761 0.641249350922272 0.438185484328747 0.391520602128783 0.582704601017832
0.615960447455952 0.769827065391559 0.602116686862909 0.527343839269194 0.391520602128783 0.609709451173087
0.605745762157615 0.428309265524556 0.660815682951954 0.407260841946035 0.391520602128783 0.509804824071213
0.600542631001451 0.39268999955367 0.553200856788705 0.498203424213467 0.391520602128783 0.523713267549023
0.519118473966017 0.617017076467987 0.553200856788705 0.527343839269194 0.581986068754747 0.539680263706914
0.461768674741401 0.349903001027765 0.474935528669978 0.327069914755952 0.581986068754747 0.40110438801389
0.505765644380061 0.311028405193941 0.553200856788705 0.638605169496458 0.391520602128783 0.528135704912216
0.556250850642659 0.665271553134268 0.474935528669978 0.375691890046923 0.581986068754747 0.512974652620635
0.512511627817166 0.576102082629966 0.62168301889259 0.468491592206549 0.391520602128783 0.54193165388532
0.498871344396122 0.41124256225057 0.582550354833227 0.625136148523405 0.581986068754747 0.537441753420457
0.615960447455952 0.43635625691037 0.396670200551251 0.359657297218124 0.581986068754747 0.416278401378929
0.654568451364619 0.324789306367965 0.396670200551251 0.791533660396896 0.882518277523544 0.515591163941824
0.377095361450157 0.623680742678747 0.465152362655137 0.327069914755952 0.391520602128783 0.418622219409921
0.192113301507183 0.509224029123142 0.553200856788705 0.293766269041321 0.581986068754747 0.392535833532257
0.491818492594122 0.788792445186082 0.435802864610614 0.438185484328747 0.391520602128783 0.465132370871207
0.43682156531596 0.648429646891454 0.5042850267145 0.327069914755952 0.391520602128783 0.468823968978038
0.192113301507183 0.485508503173806 0.651032516937113 0.438185484328747 0.581986068754747 0.461165532249749
0.584519508457784 0.55903537935598 0.523851358744182 0.359657297218124 0.391520602128783 0.540131375584555
0.711217919761901 0.349903001027765 0.347754370477047 0.375691890046923 0.391520602128783 0.364450736704873
0.605745762157615 0.58414907401578 0.562984022803545 0.527343839269194 0.581986068754747 0.572829033571821
0.640480204491652 0.648429646891454 0.543417690773863 0.310509587272358 0.391520602128783 0.587814929853592
0.600542631001451 0.224575149311336 0.308621706417684 0.375691890046923 0.581986068754747 0.341110556833145
0.305391216114487 0.324789306367965 0.631466184907431 0.665189270352692 0.581986068754747 0.465137008420726
0.28460433147867 0.40216800278285 0.651032516937113 0.359657297218124 0.581986068754747 0.381127215099778
0.550329520260324 0.639482041856968 0.602116686862909 0.375691890046923 0.581986068754747 0.574290794246339
0.589932263556444 0.40216800278285 0.445586030625455 0.391558578295532 0.581986068754747 0.423189732543692
0.43682156531596 0.40216800278285 0.709731513026158 0.512843681895435 0.391520602128783 0.473168278408138
0.377095361450157 0.46581266715163 0.680382014981635 0.483420332494312 0.581986068754747 0.475480194787633
0.505765644380061 0.695423340964778 0.62168301889259 0.742252735375008 0.581986068754747 0.655749125649655
0.45371743947425 0.491689224751558 0.562984022803545 0.375691890046923 0.743022326234652 0.471648796412046
0.484595619351981 0.58414907401578 0.553200856788705 0.512843681895435 0.581986068754747 0.531531543148059
0.388316404982483 0.690684924532531 0.484718694684818 0.293766269041321 0.391520602128783 0.434046335536727
0.635684698668103 0.540482816659079 0.582550354833227 0.597833520087582 0.743022326234652 0.589843064161592
0.352312464662174 0.603030426237071 0.484718694684818 0.359657297218124 0.391520602128783 0.417753367120575
0.377095361450157 0.576102082629966 0.602116686862909 0.483420332494312 0.581986068754747 0.525965825451935
0.477189801659812 0.613605484257039 0.797780007159725 0.597833520087582 0.391520602128783 0.606557090072488
0.418669130721792 0.444110564702777 0.699948347011317 0.483420332494312 0.743022326234652 0.4638516354346
0.525594452589857 0.773107437237533 0.396670200551251 0.438185484328747 0.391520602128783 0.480150756532938
0.649920542949551 0.654192699453542 0.533634524759023 0.407260841946035 0.391520602128783 0.586781419828308
0.610884250614597 0.610138416576983 0.396670200551251 0.375691890046923 0.391520602128783 0.494174288590158
0.625934686127748 0.54996081988826 0.5042850267145 0.407260841946035 0.581986068754747 0.525773673093727
0.427920084835637 0.41124256225057 0.49450186069966 0.327069914755952 0.581986068754747 0.419409234612318
0.584519508457784 0.659804074993891 0.651032516937113 0.597833520087582 0.743022326234652 0.622203637922286
0.192113301507183 0.311028405193941 0.699948347011317 0.839262169446543 0.391520602128783 0.489810653476928
0.620976564612699 0.382771003479972 0.396670200551251 0.483420332494312 0.581986068754747 0.437427084820819
0.418669130721792 0.617017076467987 0.377103868521569 0.391558578295532 0.391520602128783 0.40557782687238
0.610884250614597 0.280516448419147 0.484718694684818 0.742252735375008 0.743022326234652 0.543426827662392
0.377095361450157 0.372367966416746 0.523851358744182 0.359657297218124 0.391520602128783 0.375738303575313
0.512511627817166 0.372367966416746 0.308621706417684 0.438185484328747 0.391520602128783 0.403042400118593
0.640480204491652 0.41124256225057 0.406453366566092 0.498203424213467 0.743022326234652 0.452134652629131
0.322915370490717 0.296317747597367 0.474935528669978 0.407260841946035 0.158409710728996 0.36199723336406
0.562077421393132 0.741591499964718 0.5042850267145 0.611546327543722 0.391520602128783 0.585744758645812
0.649920542949551 0.472582123473375 0.406453366566092 0.69131500173334 0.581986068754747 0.553920023042067
0.531947045329097 0.444110564702777 0.367320702506729 0.625136148523405 0.391520602128783 0.484997457022582
0.659170108482798 0.40216800278285 0.465152362655137 0.468491592206549 0.581986068754747 0.46825117275984
0.377095361450157 0.41124256225057 0.660815682951954 0.293766269041321 0.391520602128783 0.394751240662099
0.445410418918533 0.372367966416746 0.602116686862909 0.638605169496458 0.581986068754747 0.517284449331156
0.28460433147867 0.419946626465527 0.651032516937113 0.375691890046923 0.581986068754747 0.397811636576828
0.531947045329097 0.695423340964778 0.445586030625455 0.422802053900328 0.581986068754747 0.486379111217926
0.625934686127748 0.361431212017732 0.308621706417684 0.343451208165685 0.581986068754747 0.35384621907671
0.589932263556444 0.224575149311336 0.416236532580933 0.611546327543722 0.743022326234652 0.495747448802815
0.398929531832399 0.55903537935598 0.49450186069966 0.375691890046923 0.581986068754747 0.443113144412283
0.685880283815454 0.26344974514516 0.543417690773863 0.651955519139038 0.581986068754747 0.593270457237486
0.484595619351981 0.623680742678747 0.719514679040999 0.343451208165685 0.391520602128783 0.548911274814211
0.28460433147867 0.491689224751558 0.543417690773863 0.570029898133436 0.581986068754747 0.515534942265646
0.519118473966017 0.599385551766182 0.602116686862909 0.541706552324988 0.391520602128783 0.568072982457218
0.491818492594122 0.472582123473375 0.758647343100362 0.422802053900328 0.391520602128783 0.483570148980308
0.723433817421218 0.458821222299351 0.367320702506729 0.570029898133436 0.743022326234652 0.510879916771533
0.567813641293532 0.719754576161821 0.455369196640296 0.827470243146482 0.581986068754747 0.638099027570464
0.305391216114487 0.54996081988826 0.210790046269275 0.327069914755952 0.391520602128783 0.317132112637342
0.567813641293532 0.509224029123142 0.426019698595774 0.570029898133436 0.391520602128783 0.536002116639599
0.544308650802436 0.711224640142999 0.514068192729341 0.422802053900328 0.391520602128783 0.529257563115759
0.567813641293532 0.554546372198067 0.455369196640296 0.597833520087582 0.581986068754747 0.560853723750888
0.698707536329883 0.349903001027765 0.230356378298957 0.359657297218124 0.391520602128783 0.357156297865031
0.398929531832399 0.588061476707861 0.572767188818386 0.343451208165685 0.391520602128783 0.478453113048304
0.659170108482798 0.41124256225057 0.230356378298957 0.343451208165685 0.581986068754747 0.376459894213995
0.677140354559515 0.296317747597367 0.445586030625455 0.541706552324988 0.391520602128783 0.490605162631769
0.531947045329097 0.794757028920373 0.426019698595774 0.359657297218124 0.391520602128783 0.476569167868498
0.445410418918533 0.472582123473375 0.416236532580933 0.453414304800156 0.391520602128783 0.449224248481925
0.625934686127748 0.46581266715163 0.533634524759023 0.779362873016635 0.581986068754747 0.577057281054706
0.352312464662174 0.349903001027765 0.592333520848068 0.570029898133436 0.743022326234652 0.451935226577105
0.663726868164092 0.40216800278285 0.533634524759023 0.638605169496458 0.581986068754747 0.581785389591713
0.63083677827438 0.688275633764489 0.337971204462206 0.359657297218124 0.391520602128783 0.483987900919801
0.409023993817465 0.26344974514516 0.484718694684818 0.651955519139038 0.581986068754747 0.444976454930933
0.427920084835637 0.372367966416746 0.474935528669978 0.468491592206549 0.391520602128783 0.44650360432443
0.615960447455952 0.372367966416746 0.562984022803545 0.815585830205421 0.743022326234652 0.588827605938114
0.672710790972158 0.717653869865801 0.318404872432524 0.375691890046923 0.391520602128783 0.511721075976276
0.615960447455952 0.202110183922355 0.455369196640296 0.767093535678137 0.581986068754747 0.529963790852006
0.28460433147867 0.520160783522156 0.562984022803545 0.803607468361309 0.581986068754747 0.541705432056147
0.498871344396122 0.665271553134268 0.474935528669978 0.327069914755952 0.391520602128783 0.487241105453611
0.562077421393132 0.804809663333962 0.435802864610614 0.359657297218124 0.391520602128783 0.49547986968393
0.73142404797562 0.535580992403545 0.249922710328639 0.453414304800156 0.581986068754747 0.492558822365611
0.192113301507183 0.479143255436275 0.62168301889259 0.638605169496458 0.581986068754747 0.544385497390624
0.556250850642659 0.754406856510171 0.474935528669978 0.343451208165685 0.391520602128783 0.513710288476309
0.192113301507183 0.540482816659079 0.602116686862909 0.570029898133436 0.581986068754747 0.554242750505258
0.550329520260324 0.39268999955367 0.49450186069966 0.512843681895435 0.581986068754747 0.503188543310378
0.192113301507183 0.26344974514516 0.543417690773863 0.597833520087582 0.391520602128783 0.391769379630664
0.512511627817166 0.444110564702777 0.328188038447365 0.483420332494312 0.391520602128783 0.46230471557135
0.550329520260324 0.26344974514516 0.62168301889259 0.665189270352692 0.743022326234652 0.583278060521511
0.663726868164092 0.654192699453542 0.367320702506729 0.359657297218124 0.391520602128783 0.498423234122137
0.707081562063873 0.382771003479972 0.347754370477047 0.407260841946035 0.581986068754747 0.396430743380964
0.192113301507183 0.372367966416746 0.631466184907431 0.704210865804917 0.158409710728996 0.491306980784042
0.573463587501794 0.224575149311336 0.308621706417684 0.310509587272358 0.581986068754747 0.311654129341658
0.654568451364619 0.667953600627566 0.670598848966795 0.919331997345263 0.581986068754747 0.671214573070627
0.192113301507183 0.588061476707861 0.572767188818386 0.651955519139038 0.581986068754747 0.580279910616094
0.192113301507183 0.485508503173806 0.651032516937113 0.438185484328747 0.581986068754747 0.461165532249749
0.512511627817166 0.479143255436275 0.279272208373161 0.359657297218124 0.391520602128783 0.414505841592391
0.635684698668103 0.372367966416746 0.5042850267145 0.527343839269194 0.391520602128783 0.515710882156767
0.846123646424851 0.636414075770865 0 0.359657297218124 0.158409710728996 0.48779192949916
0.427920084835637 0.651330643537297 0.484718694684818 0.512843681895435 0.581986068754747 0.498707234707952
0.43682156531596 0.503537826431887 0.836912671219089 0.422802053900328 0.391520602128783 0.470044419820229
0.377095361450157 0.545274478181956 0.562984022803545 0.597833520087582 0.391520602128783 0.553650621564618
0.649920542949551 0.72795635518733 0.543417690773863 0.597833520087582 0.391520602128783 0.622267402543852
0.519118473966017 0.617017076467987 0.553200856788705 0.527343839269194 0.581986068754747 0.539680263706914
0.388316404982483 0.503537826431887 0.5042850267145 0.293766269041321 0.581986068754747 0.440947972267527
0.715321577441318 0.372367966416746 0.445586030625455 0.69131500173334 0.581986068754747 0.558016634629035
0.739297614039559 0.769827065391559 0.26948904235832 0.293766269041321 0.391520602128783 0.497507001023094
0.427920084835637 0.520160783522156 0.602116686862909 0.597833520087582 0.581986068754747 0.555671817834199
0.600542631001451 0.472582123473375 0.0836088880763445 0.391558578295532 0.391520602128783 0.42962074889608
0.525594452589857 0.688275633764489 0.484718694684818 0.422802053900328 0.391520602128783 0.504730605198541
0.377095361450157 0.509224029123142 0.602116686862909 0.375691890046923 0.581986068754747 0.438209501108228
0.505765644380061 0.639482041856968 0.641249350922272 0.791533660396896 0.581986068754747 0.64152952995712
0.305391216114487 0.530563820585382 0.553200856788705 0.293766269041321 0.158409710728996 0.408421750706806
0.635684698668103 0.202110183922355 0.367320702506729 0.583995479780231 0.581986068754747 0.466709769202934
0.63083677827438 0.280516448419147 0.406453366566092 0.651955519139038 0.581986068754747 0.509110920421792
0.377095361450157 0.324789306367965 0.61189985287775 0.803607468361309 0.391520602128783 0.485920438247567
0.43682156531596 0.40216800278285 0.572767188818386 0.422802053900328 0.391520602128783 0.430327186964285
0.605745762157615 0.567739443570937 0.38688703453641 0.583995479780231 0.581986068754747 0.575343613866055
0.672710790972158 0.595677285005747 0.572767188818386 0.327069914755952 0.391520602128783 0.58386674026063
0.694468179499826 0.563431823037589 0.367320702506729 0.597833520087582 0.581986068754747 0.579941734139697
0.512511627817166 0.580163538081921 0.426019698595774 0.438185484328747 0.391520602128783 0.472691003668874
0.505765644380061 0.69775363699367 0.484718694684818 0.468491592206549 0.391520602128783 0.495916008253845
0.192113301507183 0.39268999955367 0.660815682951954 0.343451208165685 0.391520602128783 0.368153026322503
0.477189801659812 0.554546372198067 0.377103868521569 0.375691890046923 0.391520602128783 0.423454821110328
0.445410418918533 0.580163538081921 0.5042850267145 0.343451208165685 0.391520602128783 0.472926609682721
0.192113301507183 0.66118414430582 0.38688703453641 0.375691890046923 0.391520602128783 0.383068860367088
0.365148174258755 0.372367966416746 0.5042850267145 0.391558578295532 0.581986068754747 0.38206328216858
0.388316404982483 0.472582123473375 0.719514679040999 0.638605169496458 0.391520602128783 0.549078039707972
0.305391216114487 0.491689224751558 0.62168301889259 0.453414304800156 0.581986068754747 0.471968557543124
0.685880283815454 0.224575149311336 0.230356378298957 0.391558578295532 0.391520602128783 0.306411752218816
0.63083677827438 0.280516448419147 0.416236532580933 0.803607468361309 0.882518277523544 0.515677381058679
0.668240019479871 0.349903001027765 0.38688703453641 0.729677933892271 0.743022326234652 0.515897215325818
0.365148174258755 0.55903537935598 0.308621706417684 0.453414304800156 0.391520602128783 0.40633390314658
0.525594452589857 0.40216800278285 0.5042850267145 0.359657297218124 0.391520602128783 0.448984062658433
0.754714273006435 0.444110564702777 0.38688703453641 0.570029898133436 0.743022326234652 0.503146257147958
0.544308650802436 0.626936072541684 0.582550354833227 0.375691890046923 0.391520602128783 0.562141207180727
0.649920542949551 0.72795635518733 0.543417690773863 0.597833520087582 0.391520602128783 0.622267402543852
0.192113301507183 0.610138416576983 0.778213675130044 0.422802053900328 0.158409710728996 0.50975184166644
0.398929531832399 0.479143255436275 0.758647343100362 0.570029898133436 0.743022326234652 0.522210829227744
0.727443840467692 0.361431212017732 0.406453366566092 0.896883366276698 0.882518277523544 0.554458628008405
0.25751433599895 0.535580992403545 0.602116686862909 0.555934402234205 0.581986068754747 0.545258205477576
0.491818492594122 0.46581266715163 0.768430509115203 0.422802053900328 0.391520602128783 0.479973266002431
0.305391216114487 0.55903537935598 0.699948347011317 0.767093535678137 0.743022326234652 0.623949102305736
0.645224959936402 0.26344974514516 0.445586030625455 0.779362873016635 0.743022326234652 0.537874718155108
0.445410418918533 0.520160783522156 0.592333520848068 0.468491592206549 0.391520602128783 0.492686249195551
0.409023993817465 0.41124256225057 0.0738257220615034 0.407260841946035 0.391520602128783 0.408084441109271
0.505765644380061 0.723894899735376 0.465152362655137 0.359657297218124 0.391520602128783 0.485502006015157
0.615960447455952 0.497695818133175 0.298838540402843 0.779362873016635 0.581986068754747 0.553059715806419
0.192113301507183 0.576102082629966 0.797780007159725 0.438185484328747 0.391520602128783 0.503006029638621
0.512511627817166 0.55903537935598 0.61189985287775 0.453414304800156 0.158409710728996 0.534196842193709
0.322915370490717 0.337715686068396 0.709731513026158 0.512843681895435 0.581986068754747 0.419327303323882
0.668240019479871 0.224575149311336 0.396670200551251 0.742252735375008 0.743022326234652 0.521315868834584
0.192113301507183 0.514762521407161 0.582550354833227 0.407260841946035 0.391520602128783 0.456919837976836
0.491818492594122 0.280516448419147 0.38688703453641 0.375691890046923 0.391520602128783 0.381671081469167
0.519118473966017 0.723894899735376 0.416236532580933 0.407260841946035 0.391520602128783 0.464916113006762
0.409023993817465 0.509224029123142 0.523851358744182 0.343451208165685 0.391520602128783 0.45490935463547
0.338354460429582 0.451592734660772 0.406453366566092 0.438185484328747 0.581986068754747 0.421057115429104
0.573463587501794 0.554546372198067 0.582550354833227 0.638605169496458 0.743022326234652 0.578076433811817
0.690192741085259 0.713389328424289 0.347754370477047 0.665189270352692 0.581986068754747 0.676800617163079
0.377095361450157 0.525425741497568 0.426019698595774 0.422802053900328 0.581986068754747 0.425092058242898
0.322915370490717 0.58414907401578 0.445586030625455 0.422802053900328 0.391520602128783 0.434351807238313
0.531947045329097 0.419946626465527 0.533634524759023 0.729677933892271 0.581986068754747 0.534335723594922
0.445410418918533 0.361431212017732 0.602116686862909 0.359657297218124 0.391520602128783 0.40108056969549
0.525594452589857 0.46581266715163 0.572767188818386 0.391558578295532 0.391520602128783 0.493506286216437
0.365148174258755 0.40216800278285 0.484718694684818 0.391558578295532 0.391520602128783 0.397085543175699
0.531947045329097 0.588061476707861 0.954310663397179 0.767093535678137 0.743022326234652 0.671376395038998
0.192113301507183 0.24489718244826 0.631466184907431 0.638605169496458 0.581986068754747 0.421514837458145
0.445410418918533 0.603030426237071 0.465152362655137 0.391558578295532 0.391520602128783 0.455565122904679
0.649920542949551 0.361431212017732 0.328188038447365 0.651955519139038 0.391520602128783 0.49321054206645
0.562077421393132 0.665271553134268 0.484718694684818 0.597833520087582 0.581986068754747 0.578964971652289
0.192113301507183 0.428309265524556 0.533634524759023 0.359657297218124 0.581986068754747 0.391882153806695
0.365148174258755 0.503537826431887 0.61189985287775 0.407260841946035 0.581986068754747 0.452128011603555
0.719393298585171 0.642506489223802 0.171657382209912 1.05766176753545 0.391520602128783 0.680414953746291
0.192113301507183 0.24489718244826 0.533634524759023 0.815585830205421 0.743022326234652 0.379099943789044
0.645224959936402 0.794757028920373 0.230356378298957 0.343451208165685 0.391520602128783 0.482515265873355
0.43682156531596 0.530563820585382 0.377103868521569 0.375691890046923 0.391520602128783 0.405152555590079
0.192113301507183 0.296317747597367 0.435802864610614 0.453414304800156 0.581986068754747 0.360170521100844
0.649920542949551 0.554546372198067 0.308621706417684 0.541706552324988 0.743022326234652 0.548358044386655
0.562077421393132 0.665271553134268 0.484718694684818 0.597833520087582 0.581986068754747 0.578964971652289
0.28460433147867 0.702339189303477 0.729297845055839 0.407260841946035 0.581986068754747 0.542255287553956
0.498871344396122 0.41124256225057 0.582550354833227 0.625136148523405 0.581986068754747 0.537441753420457
0.605745762157615 0.224575149311336 0.514068192729341 0.827470243146482 0.743022326234652 0.557770241873118
0.377095361450157 0.43635625691037 0.5042850267145 0.375691890046923 0.581986068754747 0.404722373041695
0.469586391421645 0.55903537935598 0.38688703453641 0.407260841946035 0.581986068754747 0.436465188389394
0.427920084835637 0.617017076467987 0.357537536491888 0.310509587272358 0.581986068754747 0.39124417589145
0.625934686127748 0.176996489262555 0.514068192729341 0.7547240393759 0.581986068754747 0.566224189428999
0.677140354559515 0.633301320279216 0.337971204462206 0.512843681895435 0.581986068754747 0.568222439087867
0.322915370490717 0.43635625691037 0.866262169263611 0.359657297218124 0.581986068754747 0.398236250717203
0.322915370490717 0.46581266715163 0.514068192729341 0.453414304800156 0.581986068754747 0.459475297398907
0.677140354559515 0.630142448216755 0.5042850267145 0.570029898133436 0.743022326234652 0.597873145380168
0.649920542949551 0.11565692803975 0.318404872432524 0.512843681895435 0.391520602128783 0.408342749955665
0.377095361450157 0.43635625691037 0.484718694684818 0.512843681895435 0.581986068754747 0.458677083980379
0.654568451364619 0.280516448419147 0.465152362655137 0.665189270352692 0.391520602128783 0.551752554112179
0.635684698668103 0.202110183922355 0.289055374388002 0.512843681895435 0.581986068754747 0.392280641095344
0.615960447455952 0.361431212017732 0.533634524759023 0.651955519139038 0.581986068754747 0.5715325408613
0.556250850642659 0.623680742678747 0.641249350922272 0.375691890046923 0.581986068754747 0.587193287130161
0.668240019479871 0.349903001027765 0.38688703453641 0.729677933892271 0.743022326234652 0.515897215325818
0.654568451364619 0.642506489223802 0.680382014981635 0.407260841946035 0.391520602128783 0.648228622752533
0.531947045329097 0.509224029123142 0.347754370477047 0.611546327543722 0.581986068754747 0.520259310419218
0.654568451364619 0.280516448419147 0.406453366566092 0.678308442196004 0.743022326234652 0.519971586787556
0.461768674741401 0.24489718244826 0.787996841144884 0.651955519139038 0.391520602128783 0.5497559940925
0.573463587501794 0.739696198913597 0.562984022803545 0.375691890046923 0.391520602128783 0.569142305404908
0.567813641293532 0.40216800278285 0.484718694684818 0.625136148523405 0.391520602128783 0.523143965070696
0.698707536329883 0.361431212017732 0.484718694684818 0.779362873016635 0.581986068754747 0.583120064607278
0.377095361450157 0.54996081988826 0.426019698595774 0.391558578295532 0.581986068754747 0.408320990847093
0.605745762157615 0.444110564702777 0.455369196640296 0.803607468361309 0.743022326234652 0.525684061631478
0.584519508457784 0.545274478181956 0.660815682951954 0.327069914755952 0.391520602128783 0.563828644335992
0.620976564612699 0.46581266715163 0.337971204462206 0.597833520087582 0.391520602128783 0.526301919007699
0.377095361450157 0.690684924532531 0.523851358744182 0.327069914755952 0.581986068754747 0.445500518228586
0.512511627817166 0.785746393891541 0.396670200551251 0.375691890046923 0.391520602128783 0.451833791415579
0.192113301507183 0.428309265524556 0.553200856788705 0.391558578295532 0.158409710728996 0.409374555377282
0.649920542949551 0.603030426237071 0.49450186069966 0.468491592206549 0.581986068754747 0.544457399896078
0.625934686127748 0.535580992403545 0.709731513026158 0.527343839269194 0.581986068754747 0.577540063782311
0.519118473966017 0.545274478181956 0.670598848966795 0.742252735375008 0.581986068754747 0.603105588274237
0.505765644380061 0.311028405193941 0.553200856788705 0.638605169496458 0.391520602128783 0.528135704912216
0.338354460429582 0.530563820585382 0.602116686862909 0.665189270352692 0.581986068754747 0.563764900006768
0.531947045329097 0.444110564702777 0.367320702506729 0.625136148523405 0.391520602128783 0.484997457022582
0.694468179499826 0.311028405193941 0.38688703453641 0.391558578295532 0.391520602128783 0.391520602128747
0.445410418918533 0.623680742678747 0.514068192729341 0.527343839269194 0.581986068754747 0.520926686574325
0.579031039457725 0.444110564702777 0.426019698595774 0.625136148523405 0.743022326234652 0.506113675390077
0.365148174258755 0.673218558602978 0.533634524759023 0.468491592206549 0.391520602128783 0.499396495636443
0.649920542949551 0.382771003479972 0.171657382209912 0.438185484328747 0.743022326234652 0.409828068262674
0.512511627817166 0.311028405193941 0.5042850267145 0.293766269041321 0.581986068754747 0.399362934355533
0.469586391421645 0.599385551766182 0.523851358744182 0.359657297218124 0.391520602128783 0.494994366590266
0.640480204491652 0.296317747597367 0.484718694684818 0.422802053900328 0.581986068754747 0.452366917216106
0.192113301507183 0.591903381808187 0.670598848966795 0.327069914755952 0.391520602128783 0.448677517152756
0.469586391421645 0.794757028920373 0.347754370477047 0.327069914755952 0.391520602128783 0.406082689898416
0.377095361450157 0.41124256225057 0.73908101107068 0.611546327543722 0.581986068754747 0.503780405553186
0.192113301507183 0.514762521407161 0.553200856788705 0.327069914755952 0.581986068754747 0.413112514102343
0.600542631001451 0.337715686068396 0.357537536491888 0.453414304800156 0.391520602128783 0.402541853527674
0.567813641293532 0.680879980327997 0.592333520848068 0.293766269041321 0.391520602128783 0.579743450264196
0.445410418918533 0.576102082629966 0.416236532580933 0.375691890046923 0.391520602128783 0.430639804436771
0.25751433599895 0.58414907401578 0.690165180996476 0.638605169496458 0.581986068754747 0.609446484169224
0.544308650802436 0.648429646891454 0.523851358744182 0.453414304800156 0.391520602128783 0.534054187850949
0.690192741085259 0.361431212017732 0.49450186069966 0.527343839269194 0.743022326234652 0.510845865012094
0.620976564612699 0.673218558602978 0.514068192729341 0.407260841946035 0.581986068754747 0.563327905542216
0.579031039457725 0.514762521407161 0.523851358744182 0.327069914755952 0.391520602128783 0.519369090654544
0.484595619351981 0.606614039404761 0.543417690773863 0.583995479780231 0.391520602128783 0.562137568855111
0.635684698668103 0.419946626465527 0.543417690773863 0.468491592206549 0.581986068754747 0.503474279707701
0.672710790972158 0.651330643537297 0.171657382209912 0.704210865804917 0.882518277523544 0.661355628696661
0.498871344396122 0.606614039404761 0.289055374388002 0.327069914755952 0.391520602128783 0.40642646316938
0.567813641293532 0.458821222299351 0.426019698595774 0.343451208165685 0.391520602128783 0.441900746964517
0.600542631001451 0.46581266715163 0.445586030625455 0.483420332494312 0.391520602128783 0.474821278383848
0.677140354559515 0.41124256225057 0.279272208373161 0.583995479780231 0.581986068754747 0.490913210206792
0.615960447455952 0.43635625691037 0.396670200551251 0.359657297218124 0.581986068754747 0.416278401378929
0.418669130721792 0.580163538081921 0.543417690773863 0.310509587272358 0.391520602128783 0.475949152267831
0.672710790972158 0.525425741497568 0.396670200551251 0.638605169496458 0.581986068754747 0.577399971300848
0.579031039457725 0.509224029123142 0.416236532580933 0.611546327543722 0.581986068754747 0.541375528786714
0.743192213455483 0.311028405193941 0.201006880254434 0.704210865804917 0.743022326234652 0.490929439166119
0.645224959936402 0.202110183922355 0.38688703453641 0.742252735375008 0.743022326234652 0.505679207101307
0.649920542949551 0.479143255436275 0.602116686862909 0.453414304800156 0.581986068754747 0.535703779561829
0.418669130721792 0.73585429381327 0.445586030625455 0.359657297218124 0.391520602128783 0.433358552488219
0.589932263556444 0.525425741497568 0.699948347011317 0.779362873016635 0.743022326234652 0.640835625704433
0.635684698668103 0.224575149311336 0.455369196640296 0.7547240393759 0.743022326234652 0.538707632535935
0.531947045329097 0.540482816659079 0.396670200551251 0.729677933892271 0.581986068754747 0.537407043899883
0.735375095276021 0.382771003479972 0.357537536491888 0.327069914755952 0.581986068754747 0.371972538385592
0.73142404797562 0.472582123473375 0.279272208373161 0.310509587272358 0.581986068754747 0.38666965676289
0.491818492594122 0.514762521407161 0.514068192729341 0.611546327543722 0.581986068754747 0.515184074537009
0.562077421393132 0.642506489223802 0.455369196640296 0.597833520087582 0.581986068754747 0.578777091018747
0.322915370490717 0.630142448216755 0.533634524759023 0.359657297218124 0.158409710728996 0.439914883018184
0.635684698668103 0.382771003479972 0.435802864610614 0.570029898133436 0.743022326234652 0.497650602038792
0.595272354336887 0.349903001027765 0.38688703453641 0.359657297218124 0.391520602128783 0.373813820138006
0.322915370490717 0.693067295287366 0.347754370477047 0.359657297218124 0.391520602128783 0.355942468279707
0.28460433147867 0.617017076467987 0.748864177085521 0.438185484328747 0.391520602128783 0.520951872687626
0.550329520260324 0.613605484257039 0.445586030625455 0.483420332494312 0.581986068754747 0.514502170204354
0.694468179499826 0.458821222299351 0.308621706417684 0.729677933892271 0.581986068754747 0.566739500130059
0.600542631001451 0.148524930491957 0.377103868521569 0.651955519139038 0.743022326234652 0.479579988449151
0.322915370490717 0.688275633764489 0.709731513026158 0.375691890046923 0.391520602128783 0.518636209523627
0.654568451364619 0.509224029123142 0.201006880254434 0.359657297218124 0.391520602128783 0.429168858209858
0.322915370490717 0.311028405193941 0.445586030625455 0.391558578295532 0.391520602128783 0.354712863806276
0.620976564612699 0.58414907401578 0.602116686862909 0.541706552324988 0.581986068754747 0.592511122893506
0.525594452589857 0.55903537935598 0.592333520848068 0.327069914755952 0.581986068754747 0.541142830561751
0.525594452589857 0.756176326950194 0.553200856788705 0.359657297218124 0.391520602128783 0.539878364000423
0.615960447455952 0.296317747597367 0.377103868521569 0.375691890046923 0.581986068754747 0.378308076139964
0.512511627817166 0.479143255436275 0.279272208373161 0.359657297218124 0.391520602128783 0.414505841592391
0.567813641293532 0.793281452343995 0.484718694684818 0.375691890046923 0.391520602128783 0.524531672407394
0.512511627817166 0.497695818133175 0.514068192729341 0.359657297218124 0.391520602128783 0.504475530509501
0.398929531832399 0.296317747597367 0.484718694684818 0.527343839269194 0.391520602128783 0.438464041408451
0.723433817421218 0.554546372198067 0.435802864610614 0.293766269041321 0 0.491430749689459
0.192113301507183 0.479143255436275 0.62168301889259 0.638605169496458 0.581986068754747 0.544385497390624
0.556250850642659 0.530563820585382 0.49450186069966 0.293766269041321 0.391520602128783 0.511184535735592
0.556250850642659 0.41124256225057 0.426019698595774 0.541706552324988 0.581986068754747 0.47897771185199
0.562077421393132 0.741591499964718 0.484718694684818 0.665189270352692 0.158409710728996 0.609802532740652
0.672710790972158 0.361431212017732 0.435802864610614 0.375691890046923 0.391520602128783 0.405101749778104
0.388316404982483 0.713389328424289 0.807563173174566 0.850963037492175 0.391520602128783 0.75675979088957
0.600542631001451 0.311028405193941 0.367320702506729 0.375691890046923 0.391520602128783 0.372999797006339
0.192113301507183 0.444110564702777 0.592333520848068 0.359657297218124 0.391520602128783 0.399453160924878
0.649920542949551 0.337715686068396 0.396670200551251 0.597833520087582 0.581986068754747 0.488977959053537
0.605745762157615 0.382771003479972 0.328188038447365 0.583995479780231 0.581986068754747 0.474856324414395
0.377095361450157 0.55903537935598 0.396670200551251 0.453414304800156 0.391520602128783 0.423458786605613
0.584519508457784 0.514762521407161 0.582550354833227 0.704210865804917 0.391520602128783 0.584437547572979
0.73142404797562 0.419946626465527 0.367320702506729 0.704210865804917 0.391520602128783 0.550004015022094
0.512511627817166 0.554546372198067 0.445586030625455 0.391558578295532 0.391520602128783 0.476500058749164
0.418669130721792 0.540482816659079 0.748864177085521 0.483420332494312 0.391520602128783 0.511202416266108
0.519118473966017 0.509224029123142 0.337971204462206 0.422802053900328 0.391520602128783 0.462355462360534
0.538183047010328 0.715532260676347 0.445586030625455 0.69131500173334 0.743022326234652 0.608323296682045
0.409023993817465 0.46581266715163 0.582550354833227 0.438185484328747 0.391520602128783 0.451767163473817
0.645224959936402 0.563431823037589 0.220573212284116 0.407260841946035 0.581986068754747 0.479264289732274
0.498871344396122 0.645488635238585 0.240139544313798 0.327069914755952 0.391520602128783 0.406747296166937
