"citric acid" "total sulfur dioxide" "pH" "alcohol" "Y"
"1" 0.672710790972158 0.202110183922355 0.514068192729341 0.498203424213467 0.158409710728996
"2" 0.525594452589857 0.654192699453542 0.582550354833227 0.375691890046923 0.581986068754747
"3" 0.192113301507183 0.41124256225057 0.602116686862909 0.611546327543722 0.581986068754747
"4" 0.685880283815454 0.372367966416746 0.328188038447365 0.611546327543722 0.743022326234652
"5" 0.477189801659812 0.711224640142999 0.347754370477047 0.391558578295532 0.581986068754747
"6" 0.192113301507183 0.479143255436275 0.455369196640296 0.407260841946035 0.391520602128783
"7" 0.43682156531596 0.503537826431887 0.543417690773863 0.555934402234205 0.391520602128783
"8" 0.469586391421645 0.372367966416746 0.474935528669978 0.483420332494312 0.581986068754747
"9" 0.377095361450157 0.620374940578785 0.308621706417684 0.391558578295532 0.391520602128783
"10" 0.469586391421645 0.58414907401578 0.61189985287775 0.453414304800156 0.391520602128783
"11" 0.305391216114487 0.535580992403545 0.62168301889259 0.583995479780231 0.581986068754747
"12" 0.388316404982483 0.349903001027765 0.602116686862909 0.638605169496458 0.581986068754747
"13" 0.567813641293532 0.745332297042451 0.406453366566092 0.375691890046923 0.391520602128783
"14" 0.677140354559515 0.58414907401578 0.337971204462206 0.438185484328747 0.581986068754747
"15" 0.365148174258755 0.610138416576983 0.474935528669978 0.343451208165685 0.391520602128783
"16" 0.398929531832399 0.26344974514516 0.719514679040999 0.625136148523405 0.158409710728996
"17" 0.418669130721792 0.40216800278285 0.533634524759023 0.483420332494312 0.743022326234652
"18" 0.491818492594122 0.46581266715163 0.768430509115203 0.422802053900328 0.391520602128783
"19" 0.477189801659812 0.554546372198067 0.572767188818386 0.453414304800156 0.581986068754747
"20" 0.25751433599895 0.280516448419147 0.699948347011317 0.651955519139038 0.391520602128783
"21" 0.625934686127748 0.337715686068396 0.514068192729341 0.597833520087582 0.743022326234652
"22" 0.192113301507183 0.337715686068396 0.445586030625455 0.359657297218124 0.581986068754747
"23" 0.25751433599895 0.514762521407161 0.523851358744182 0.570029898133436 0.581986068754747
"24" 0.668240019479871 0.224575149311336 0.210790046269275 0.583995479780231 0.743022326234652
"25" 0.484595619351981 0.567739443570937 0.758647343100362 0.791533660396896 0.581986068754747
"26" 0.556250850642659 0.54996081988826 0.298838540402843 0.453414304800156 0.581986068754747
"27" 0.418669130721792 0.382771003479972 0.465152362655137 0.422802053900328 0.581986068754747
"28" 0.550329520260324 0.678356637690792 0.572767188818386 0.293766269041321 0.391520602128783
"29" 0.525594452589857 0.723894899735376 0.465152362655137 0.438185484328747 0.391520602128783
"30" 0.388316404982483 0.545274478181956 0.641249350922272 0.815585830205421 0.882518277523544
"31" 0.28460433147867 0.761398301362449 0.651032516937113 0.438185484328747 0.391520602128783
"32" 0.649920542949551 0.324789306367965 0.347754370477047 0.189224483672455 0
"33" 0.192113301507183 0.509224029123142 0.5042850267145 0.651955519139038 0.581986068754747
"34" 0.723433817421218 0.525425741497568 0.357537536491888 0.422802053900328 0.581986068754747
"35" 0.322915370490717 0.591903381808187 0.396670200551251 0.583995479780231 0.581986068754747
"36" 0.388316404982483 0.444110564702777 0.602116686862909 0.453414304800156 0.743022326234652
"37" 0.649920542949551 0.535580992403545 0.660815682951954 0.310509587272358 0.391520602128783
"38" 0.352312464662174 0.680879980327997 0.690165180996476 0.375691890046923 0.391520602128783
"39" 0.491818492594122 0.202110183922355 0.347754370477047 0.422802053900328 0.581986068754747
"40" 0.377095361450157 0.545274478181956 0.426019698595774 0.422802053900328 0.391520602128783
"41" 0.531947045329097 0.659804074993891 0.318404872432524 0.310509587272358 0.581986068754747
"42" 0.719393298585171 0.176996489262555 0.455369196640296 0.597833520087582 0.391520602128783
"43" 0.584519508457784 0.324789306367965 0.367320702506729 0.375691890046923 0.581986068754747
"44" 0.735375095276021 0.41124256225057 0.191223714239594 0.827470243146482 0.581986068754747
"45" 0.654568451364619 0.382771003479972 0.308621706417684 0.327069914755952 0.581986068754747
"46" 0.640480204491652 0.479143255436275 0.455369196640296 0.453414304800156 0.581986068754747
"47" 0.610884250614597 0.610138416576983 0.396670200551251 0.375691890046923 0.391520602128783
"48" 0.498871344396122 0.472582123473375 0.318404872432524 0.375691890046923 0.391520602128783
"49" 0.698707536329883 0.645488635238585 0.289055374388002 0.527343839269194 0.391520602128783
"50" 0.491818492594122 0.688275633764489 0.377103868521569 0.327069914755952 0.391520602128783
"51" 0.388316404982483 0.563431823037589 0.523851358744182 0.541706552324988 0.743022326234652
"52" 0.556250850642659 0.620374940578785 0.641249350922272 0.343451208165685 0.391520602128783
"53" 0.491818492594122 0.491689224751558 0.514068192729341 0.375691890046923 0.391520602128783
"54" 0.305391216114487 0.685838807648787 0.680382014981635 0.963255504120144 0.882518277523544
"55" 0.398929531832399 0.24489718244826 0.62168301889259 0.570029898133436 0.581986068754747
"56" 0.584519508457784 0.296317747597367 0.357537536491888 0.453414304800156 0.581986068754747
"57" 0.398929531832399 0.571961759056411 0.699948347011317 0.625136148523405 0.581986068754747
"58" 0.600542631001451 0.535580992403545 0.49450186069966 0.791533660396896 0.743022326234652
"59" 0.694468179499826 0.311028405193941 0.38688703453641 0.391558578295532 0.391520602128783
"60" 0.491818492594122 0.779520551169971 0.5042850267145 0.375691890046923 0.391520602128783
"61" 0.645224959936402 0.382771003479972 0.357537536491888 0.527343839269194 0.391520602128783
"62" 0.512511627817166 0.777935265322165 0.5042850267145 0.343451208165685 0.391520602128783
"63" 0.192113301507183 0.280516448419147 0.670598848966795 0.327069914755952 0.391520602128783
"64" 0.525594452589857 0.756176326950194 0.553200856788705 0.359657297218124 0.391520602128783
"65" 0.427920084835637 0.497695818133175 0.787996841144884 0.422802053900328 0.391520602128783
"66" 0.484595619351981 0.599385551766182 0.523851358744182 0.391558578295532 0.581986068754747
"67" 0.427920084835637 0.610138416576983 0.61189985287775 0.570029898133436 0.581986068754747
"68" 0.305391216114487 0.595677285005747 0.553200856788705 0.498203424213467 0.391520602128783
"69" 0.600542631001451 0.54996081988826 0.61189985287775 0.555934402234205 0.581986068754747
"70" 0.305391216114487 0.554546372198067 0.758647343100362 0.625136148523405 0.158409710728996
"71" 0.28460433147867 0.54996081988826 0.651032516937113 0.597833520087582 0.391520602128783
"72" 0.610884250614597 0.337715686068396 0.26948904235832 0.343451208165685 0.581986068754747
"73" 0.620976564612699 0.571961759056411 0.709731513026158 0.512843681895435 0.581986068754747
"74" 0.584519508457784 0.503537826431887 0.523851358744182 0.327069914755952 0.581986068754747
"75" 0.550329520260324 0.639482041856968 0.62168301889259 0.359657297218124 0.391520602128783
"76" 0.45371743947425 0.659804074993891 0.455369196640296 0.343451208165685 0.391520602128783
"77" 0.338354460429582 0.361431212017732 0.484718694684818 0.391558578295532 0.158409710728996
"78" 0.654568451364619 0.361431212017732 0.289055374388002 0.651955519139038 0.581986068754747
"79" 0.192113301507183 0.26344974514516 0.719514679040999 0.583995479780231 0.391520602128783
"80" 0.427920084835637 0.530563820585382 0.523851358744182 0.327069914755952 0.391520602128783
"81" 0.562077421393132 0.651330643537297 0.455369196640296 0.422802053900328 0.581986068754747
"82" 0.615960447455952 0.382771003479972 0.572767188818386 0.678308442196004 0.581986068754747
"83" 0.690192741085259 0.41124256225057 0.474935528669978 0.729677933892271 0.743022326234652
"84" 0.484595619351981 0.40216800278285 0.572767188818386 0.302161054404645 0.158409710728996
"85" 0.469586391421645 0.651330643537297 0.328188038447365 0.359657297218124 0.391520602128783
"86" 0.672710790972158 0.620374940578785 0.289055374388002 0.527343839269194 0.581986068754747
"87" 0.418669130721792 0.444110564702777 0.690165180996476 0.453414304800156 0.391520602128783
"88" 0.659170108482798 0.40216800278285 0.465152362655137 0.468491592206549 0.581986068754747
"89" 0.690192741085259 0.717653869865801 0.318404872432524 0.453414304800156 0.391520602128783
"90" 0.192113301507183 0.58414907401578 0.719514679040999 0.555934402234205 0.581986068754747
"91" 0.28460433147867 0.685838807648787 0.660815682951954 0.407260841946035 0.581986068754747
"92" 0.625934686127748 0.41124256225057 0.259705876343479 0.327069914755952 0.743022326234652
"93" 0.654568451364619 0.670602329898385 0.230356378298957 0.375691890046923 0.581986068754747
"94" 0.192113301507183 0.280516448419147 0.797780007159725 0.665189270352692 0.158409710728996
"95" 0.525594452589857 0.797677896025604 0.445586030625455 0.407260841946035 0.391520602128783
"96" 0.305391216114487 0.324789306367965 0.631466184907431 0.665189270352692 0.581986068754747
"97" 0.625934686127748 0.39268999955367 0.465152362655137 0.375691890046923 0.391520602128783
"98" 0.645224959936402 0.419946626465527 0.308621706417684 0.343451208165685 0.581986068754747
"99" 0.377095361450157 0.509224029123142 0.484718694684818 0.391558578295532 0.581986068754747
"100" 0.525594452589857 0.46581266715163 0.455369196640296 0.343451208165685 0.581986068754747
"101" 0.600542631001451 0.24489718244826 0.474935528669978 0.665189270352692 0.581986068754747
"102" 0.544308650802436 0.311028405193941 0.543417690773863 0.310509587272358 0.391520602128783
"103" 0.477189801659812 0.73194189112119 0.5042850267145 0.375691890046923 0.391520602128783
"104" 0.562077421393132 0.711224640142999 0.631466184907431 0.375691890046923 0.391520602128783
"105" 0.615960447455952 0.349903001027765 0.367320702506729 0.651955519139038 0.391520602128783
"106" 0.388316404982483 0.361431212017732 0.680382014981635 0.422802053900328 0.158409710728996
"107" 0.723433817421218 0.688275633764489 0.836912671219089 0.665189270352692 0.581986068754747
"108" 0.445410418918533 0.623680742678747 1.07170865557527 0.862574242832827 0.158409710728996
"109" 0.579031039457725 0.576102082629966 0.49450186069966 0.570029898133436 0.391520602128783
"110" 0.25751433599895 0.472582123473375 0.729297845055839 0.827470243146482 0.581986068754747
"111" 0.600542631001451 0.472582123473375 0.0836088880763445 0.391558578295532 0.391520602128783
"112" 0.352312464662174 0.514762521407161 0.533634524759023 0.422802053900328 0.581986068754747
"113" 0.28460433147867 0.491689224751558 0.543417690773863 0.570029898133436 0.581986068754747
"114" 0.512511627817166 0.148524930491957 0.62168301889259 0.651955519139038 0.158409710728996
"115" 0.365148174258755 0.595677285005747 0.778213675130044 0.69131500173334 0.581986068754747
"116" 0.461768674741401 0.571961759056411 0.670598848966795 0.512843681895435 0.391520602128783
"117" 0.352312464662174 0.678356637690792 0.690165180996476 0.407260841946035 0.391520602128783
"118" 0.702911709950465 0.704595506277333 0.347754370477047 0.310509587272358 0.391520602128783
"119" 0.562077421393132 0.793281452343995 0.38688703453641 0.375691890046923 0.391520602128783
"120" 0.192113301507183 0.444110564702777 0.62168301889259 0.767093535678137 0.581986068754747
"121" 0.469586391421645 0.444110564702777 0.699948347011317 0.375691890046923 0.581986068754747
"122" 0.595272354336887 0.349903001027765 0.38688703453641 0.359657297218124 0.391520602128783
"123" 0.192113301507183 0.576102082629966 0.670598848966795 0.678308442196004 0.391520602128783
"124" 0.491818492594122 0.46581266715163 0.768430509115203 0.422802053900328 0.391520602128783
"125" 0.640480204491652 0.451592734660772 0.26948904235832 0.375691890046923 0.391520602128783
"126" 0.63083677827438 0.382771003479972 0.592333520848068 0.716997902722186 0.743022326234652
"127" 0.505765644380061 0.678356637690792 0.396670200551251 0.343451208165685 0.391520602128783
"128" 0.192113301507183 0.24489718244826 0.660815682951954 0.69131500173334 0.581986068754747
"129" 0.398929531832399 0.428309265524556 0.572767188818386 0.407260841946035 0.391520602128783
"130" 0.649920542949551 0.280516448419147 0.240139544313798 0.527343839269194 0.743022326234652
"131" 0.584519508457784 0.752622578614028 0.38688703453641 0.359657297218124 0.391520602128783
"132" 0.25751433599895 0.509224029123142 0.660815682951954 0.422802053900328 0.391520602128783
"133" 0.192113301507183 0.296317747597367 0.582550354833227 0.583995479780231 0.158409710728996
"134" 0.556250850642659 0.545274478181956 0.562984022803545 0.468491592206549 0.581986068754747
"135" 0.538183047010328 0.645488635238585 0.49450186069966 0.407260841946035 0.391520602128783
"136" 0.659170108482798 0.591903381808187 0.230356378298957 0.327069914755952 0.581986068754747
"137" 0.690192741085259 0.324789306367965 0.377103868521569 0.638605169496458 0.581986068754747
"138" 0.398929531832399 0.43635625691037 0.748864177085521 0.716997902722186 0.391520602128783
"139" 0.388316404982483 0.73194189112119 0.337971204462206 0.422802053900328 0.391520602128783
"140" 0.461768674741401 0.719754576161821 0.572767188818386 0.375691890046923 0.391520602128783
"141" 0.365148174258755 0.571961759056411 0.562984022803545 0.375691890046923 0.391520602128783
"142" 0.192113301507183 0.26344974514516 0.709731513026158 0.583995479780231 0.391520602128783
"143" 0.573463587501794 0.757931233682393 0.445586030625455 0.375691890046923 0.391520602128783
"144" 0.322915370490717 0.688275633764489 0.709731513026158 0.375691890046923 0.391520602128783
"145" 0.75089998515248 0.39268999955367 0.357537536491888 0.625136148523405 0.581986068754747
"146" 0.398929531832399 0.428309265524556 0.729297845055839 0.742252735375008 0.391520602128783
"147" 0.562077421393132 0.311028405193941 0.484718694684818 0.625136148523405 0.581986068754747
"148" 0.531947045329097 0.799123460642706 0.347754370477047 0.638605169496458 0.581986068754747
"149" 0.192113301507183 0.509224029123142 0.553200856788705 0.293766269041321 0.581986068754747
"150" 0.43682156531596 0.606614039404761 0.465152362655137 0.422802053900328 0.391520602128783
"151" 0.418669130721792 0.620374940578785 0.406453366566092 0.375691890046923 0.581986068754747
"152" 0.677140354559515 0.58414907401578 0.337971204462206 0.438185484328747 0.581986068754747
"153" 0.640480204491652 0.530563820585382 0.572767188818386 0.597833520087582 0.581986068754747
"154" 0.668240019479871 0.324789306367965 0.337971204462206 0.597833520087582 0.882518277523544
"155" 0.677140354559515 0.576102082629966 0.533634524759023 0.453414304800156 0.391520602128783
"156" 0.640480204491652 0.24489718244826 0.514068192729341 0.498203424213467 0.581986068754747
"157" 0.512511627817166 0.70682819646139 0.915177999337816 0.665189270352692 0.391520602128783
"158" 0.605745762157615 0.576102082629966 0.62168301889259 0.327069914755952 0.391520602128783
"159" 0.645224959936402 0.70682819646139 0.377103868521569 0.375691890046923 0.391520602128783
"160" 0.28460433147867 0.46581266715163 0.846695837233929 0.407260841946035 0.391520602128783
"161" 0.45371743947425 0.419946626465527 0.602116686862909 0.468491592206549 0.743022326234652
"162" 0.579031039457725 0.662555338512571 0.562984022803545 0.375691890046923 0.391520602128783
"163" 0.377095361450157 0.73194189112119 0.435802864610614 0.359657297218124 0.391520602128783
"164" 0.377095361450157 0.55903537935598 0.670598848966795 0.651955519139038 0.581986068754747
"165" 0.635684698668103 0.43635625691037 0.249922710328639 0.651955519139038 0.581986068754747
"166" 0.63083677827438 0.603030426237071 0.514068192729341 0.729677933892271 0.581986068754747
"167" 0.640480204491652 0.40216800278285 0.416236532580933 0.729677933892271 0.581986068754747
"168" 0.659170108482798 0.688275633764489 0.514068192729341 0.704210865804917 0.743022326234652
"169" 0.640480204491652 0.372367966416746 0.337971204462206 0.527343839269194 0.391520602128783
"170" 0.418669130721792 0.444110564702777 0.553200856788705 0.359657297218124 0.581986068754747
"171" 0.63083677827438 0.382771003479972 0.592333520848068 0.716997902722186 0.743022326234652
"172" 0.192113301507183 0.525425741497568 0.592333520848068 0.570029898133436 0.391520602128783
"173" 0.723433817421218 0.40216800278285 0.337971204462206 0.512843681895435 0.743022326234652
"174" 0.610884250614597 0.337715686068396 0.26948904235832 0.343451208165685 0.581986068754747
"175" 0.25751433599895 0.428309265524556 0.582550354833227 0.422802053900328 0.581986068754747
"176" 0.498871344396122 0.472582123473375 0.445586030625455 0.541706552324988 0.581986068754747
"177" 0.645224959936402 0.337715686068396 0.484718694684818 0.359657297218124 0.391520602128783
"178" 0.550329520260324 0.725935297739573 0.435802864610614 0.527343839269194 0.581986068754747
"179" 0.192113301507183 0.683373809508954 0.73908101107068 0.839262169446543 0.743022326234652
"180" 0.550329520260324 0.73585429381327 0.484718694684818 0.483420332494312 0.391520602128783
"181" 0.192113301507183 0.444110564702777 0.954310663397179 0.791533660396896 0.581986068754747
"182" 0.681529829124736 0.176996489262555 0.347754370477047 0.704210865804917 0.581986068754747
"183" 0.702911709950465 0.41124256225057 0.347754370477047 0.293766269041321 0.391520602128783
"184" 0.365148174258755 0.311028405193941 0.62168301889259 0.555934402234205 0.391520602128783
"185" 0.711217919761901 0.428309265524556 0.347754370477047 0.791533660396896 0.743022326234652
"186" 0.418669130721792 0.580163538081921 0.553200856788705 0.498203424213467 0.581986068754747
"187" 0.573463587501794 0.39268999955367 0.406453366566092 0.583995479780231 0.581986068754747
"188" 0.388316404982483 0.46581266715163 0.680382014981635 0.597833520087582 0.158409710728996
"189" 0.418669130721792 0.675803074663158 0.631466184907431 0.359657297218124 0.581986068754747
"190" 0.418669130721792 0.444110564702777 0.514068192729341 0.512843681895435 0.581986068754747
"191" 0.519118473966017 0.503537826431887 0.641249350922272 0.597833520087582 0.391520602128783
"192" 0.562077421393132 0.606614039404761 0.641249350922272 0.438185484328747 0.391520602128783
"193" 0.615960447455952 0.769827065391559 0.602116686862909 0.527343839269194 0.391520602128783
"194" 0.605745762157615 0.428309265524556 0.660815682951954 0.407260841946035 0.391520602128783
"195" 0.600542631001451 0.39268999955367 0.553200856788705 0.498203424213467 0.391520602128783
"196" 0.519118473966017 0.617017076467987 0.553200856788705 0.527343839269194 0.581986068754747
"197" 0.461768674741401 0.349903001027765 0.474935528669978 0.327069914755952 0.581986068754747
"198" 0.505765644380061 0.311028405193941 0.553200856788705 0.638605169496458 0.391520602128783
"199" 0.556250850642659 0.665271553134268 0.474935528669978 0.375691890046923 0.581986068754747
"200" 0.512511627817166 0.576102082629966 0.62168301889259 0.468491592206549 0.391520602128783
"201" 0.498871344396122 0.41124256225057 0.582550354833227 0.625136148523405 0.581986068754747
"202" 0.615960447455952 0.43635625691037 0.396670200551251 0.359657297218124 0.581986068754747
"203" 0.654568451364619 0.324789306367965 0.396670200551251 0.791533660396896 0.882518277523544
"204" 0.377095361450157 0.623680742678747 0.465152362655137 0.327069914755952 0.391520602128783
"205" 0.192113301507183 0.509224029123142 0.553200856788705 0.293766269041321 0.581986068754747
"206" 0.491818492594122 0.788792445186082 0.435802864610614 0.438185484328747 0.391520602128783
"207" 0.43682156531596 0.648429646891454 0.5042850267145 0.327069914755952 0.391520602128783
"208" 0.192113301507183 0.485508503173806 0.651032516937113 0.438185484328747 0.581986068754747
"209" 0.584519508457784 0.55903537935598 0.523851358744182 0.359657297218124 0.391520602128783
"210" 0.711217919761901 0.349903001027765 0.347754370477047 0.375691890046923 0.391520602128783
"211" 0.605745762157615 0.58414907401578 0.562984022803545 0.527343839269194 0.581986068754747
"212" 0.640480204491652 0.648429646891454 0.543417690773863 0.310509587272358 0.391520602128783
"213" 0.600542631001451 0.224575149311336 0.308621706417684 0.375691890046923 0.581986068754747
"214" 0.305391216114487 0.324789306367965 0.631466184907431 0.665189270352692 0.581986068754747
"215" 0.28460433147867 0.40216800278285 0.651032516937113 0.359657297218124 0.581986068754747
"216" 0.550329520260324 0.639482041856968 0.602116686862909 0.375691890046923 0.581986068754747
"217" 0.589932263556444 0.40216800278285 0.445586030625455 0.391558578295532 0.581986068754747
"218" 0.43682156531596 0.40216800278285 0.709731513026158 0.512843681895435 0.391520602128783
"219" 0.377095361450157 0.46581266715163 0.680382014981635 0.483420332494312 0.581986068754747
"220" 0.505765644380061 0.695423340964778 0.62168301889259 0.742252735375008 0.581986068754747
"221" 0.45371743947425 0.491689224751558 0.562984022803545 0.375691890046923 0.743022326234652
"222" 0.484595619351981 0.58414907401578 0.553200856788705 0.512843681895435 0.581986068754747
"223" 0.388316404982483 0.690684924532531 0.484718694684818 0.293766269041321 0.391520602128783
"224" 0.635684698668103 0.540482816659079 0.582550354833227 0.597833520087582 0.743022326234652
"225" 0.352312464662174 0.603030426237071 0.484718694684818 0.359657297218124 0.391520602128783
"226" 0.377095361450157 0.576102082629966 0.602116686862909 0.483420332494312 0.581986068754747
"227" 0.477189801659812 0.613605484257039 0.797780007159725 0.597833520087582 0.391520602128783
"228" 0.418669130721792 0.444110564702777 0.699948347011317 0.483420332494312 0.743022326234652
"229" 0.525594452589857 0.773107437237533 0.396670200551251 0.438185484328747 0.391520602128783
"230" 0.649920542949551 0.654192699453542 0.533634524759023 0.407260841946035 0.391520602128783
"231" 0.610884250614597 0.610138416576983 0.396670200551251 0.375691890046923 0.391520602128783
"232" 0.625934686127748 0.54996081988826 0.5042850267145 0.407260841946035 0.581986068754747
"233" 0.427920084835637 0.41124256225057 0.49450186069966 0.327069914755952 0.581986068754747
"234" 0.584519508457784 0.659804074993891 0.651032516937113 0.597833520087582 0.743022326234652
"235" 0.192113301507183 0.311028405193941 0.699948347011317 0.839262169446543 0.391520602128783
"236" 0.620976564612699 0.382771003479972 0.396670200551251 0.483420332494312 0.581986068754747
"237" 0.418669130721792 0.617017076467987 0.377103868521569 0.391558578295532 0.391520602128783
"238" 0.610884250614597 0.280516448419147 0.484718694684818 0.742252735375008 0.743022326234652
"239" 0.377095361450157 0.372367966416746 0.523851358744182 0.359657297218124 0.391520602128783
"240" 0.512511627817166 0.372367966416746 0.308621706417684 0.438185484328747 0.391520602128783
"241" 0.640480204491652 0.41124256225057 0.406453366566092 0.498203424213467 0.743022326234652
"242" 0.322915370490717 0.296317747597367 0.474935528669978 0.407260841946035 0.158409710728996
"243" 0.562077421393132 0.741591499964718 0.5042850267145 0.611546327543722 0.391520602128783
"244" 0.649920542949551 0.472582123473375 0.406453366566092 0.69131500173334 0.581986068754747
"245" 0.531947045329097 0.444110564702777 0.367320702506729 0.625136148523405 0.391520602128783
"246" 0.659170108482798 0.40216800278285 0.465152362655137 0.468491592206549 0.581986068754747
"247" 0.377095361450157 0.41124256225057 0.660815682951954 0.293766269041321 0.391520602128783
"248" 0.445410418918533 0.372367966416746 0.602116686862909 0.638605169496458 0.581986068754747
"249" 0.28460433147867 0.419946626465527 0.651032516937113 0.375691890046923 0.581986068754747
"250" 0.531947045329097 0.695423340964778 0.445586030625455 0.422802053900328 0.581986068754747
"251" 0.625934686127748 0.361431212017732 0.308621706417684 0.343451208165685 0.581986068754747
"252" 0.589932263556444 0.224575149311336 0.416236532580933 0.611546327543722 0.743022326234652
"253" 0.398929531832399 0.55903537935598 0.49450186069966 0.375691890046923 0.581986068754747
"254" 0.685880283815454 0.26344974514516 0.543417690773863 0.651955519139038 0.581986068754747
"255" 0.484595619351981 0.623680742678747 0.719514679040999 0.343451208165685 0.391520602128783
"256" 0.28460433147867 0.491689224751558 0.543417690773863 0.570029898133436 0.581986068754747
"257" 0.519118473966017 0.599385551766182 0.602116686862909 0.541706552324988 0.391520602128783
"258" 0.491818492594122 0.472582123473375 0.758647343100362 0.422802053900328 0.391520602128783
"259" 0.723433817421218 0.458821222299351 0.367320702506729 0.570029898133436 0.743022326234652
"260" 0.567813641293532 0.719754576161821 0.455369196640296 0.827470243146482 0.581986068754747
"261" 0.305391216114487 0.54996081988826 0.210790046269275 0.327069914755952 0.391520602128783
"262" 0.567813641293532 0.509224029123142 0.426019698595774 0.570029898133436 0.391520602128783
"263" 0.544308650802436 0.711224640142999 0.514068192729341 0.422802053900328 0.391520602128783
"264" 0.567813641293532 0.554546372198067 0.455369196640296 0.597833520087582 0.581986068754747
"265" 0.698707536329883 0.349903001027765 0.230356378298957 0.359657297218124 0.391520602128783
"266" 0.398929531832399 0.588061476707861 0.572767188818386 0.343451208165685 0.391520602128783
"267" 0.659170108482798 0.41124256225057 0.230356378298957 0.343451208165685 0.581986068754747
"268" 0.677140354559515 0.296317747597367 0.445586030625455 0.541706552324988 0.391520602128783
"269" 0.531947045329097 0.794757028920373 0.426019698595774 0.359657297218124 0.391520602128783
"270" 0.445410418918533 0.472582123473375 0.416236532580933 0.453414304800156 0.391520602128783
"271" 0.625934686127748 0.46581266715163 0.533634524759023 0.779362873016635 0.581986068754747
"272" 0.352312464662174 0.349903001027765 0.592333520848068 0.570029898133436 0.743022326234652
"273" 0.663726868164092 0.40216800278285 0.533634524759023 0.638605169496458 0.581986068754747
"274" 0.63083677827438 0.688275633764489 0.337971204462206 0.359657297218124 0.391520602128783
"275" 0.409023993817465 0.26344974514516 0.484718694684818 0.651955519139038 0.581986068754747
"276" 0.427920084835637 0.372367966416746 0.474935528669978 0.468491592206549 0.391520602128783
"277" 0.615960447455952 0.372367966416746 0.562984022803545 0.815585830205421 0.743022326234652
"278" 0.672710790972158 0.717653869865801 0.318404872432524 0.375691890046923 0.391520602128783
"279" 0.615960447455952 0.202110183922355 0.455369196640296 0.767093535678137 0.581986068754747
"280" 0.28460433147867 0.520160783522156 0.562984022803545 0.803607468361309 0.581986068754747
"281" 0.498871344396122 0.665271553134268 0.474935528669978 0.327069914755952 0.391520602128783
"282" 0.562077421393132 0.804809663333962 0.435802864610614 0.359657297218124 0.391520602128783
"283" 0.73142404797562 0.535580992403545 0.249922710328639 0.453414304800156 0.581986068754747
"284" 0.192113301507183 0.479143255436275 0.62168301889259 0.638605169496458 0.581986068754747
"285" 0.556250850642659 0.754406856510171 0.474935528669978 0.343451208165685 0.391520602128783
"286" 0.192113301507183 0.540482816659079 0.602116686862909 0.570029898133436 0.581986068754747
"287" 0.550329520260324 0.39268999955367 0.49450186069966 0.512843681895435 0.581986068754747
"288" 0.192113301507183 0.26344974514516 0.543417690773863 0.597833520087582 0.391520602128783
"289" 0.512511627817166 0.444110564702777 0.328188038447365 0.483420332494312 0.391520602128783
"290" 0.550329520260324 0.26344974514516 0.62168301889259 0.665189270352692 0.743022326234652
"291" 0.663726868164092 0.654192699453542 0.367320702506729 0.359657297218124 0.391520602128783
"292" 0.707081562063873 0.382771003479972 0.347754370477047 0.407260841946035 0.581986068754747
"293" 0.192113301507183 0.372367966416746 0.631466184907431 0.704210865804917 0.158409710728996
"294" 0.573463587501794 0.224575149311336 0.308621706417684 0.310509587272358 0.581986068754747
"295" 0.654568451364619 0.667953600627566 0.670598848966795 0.919331997345263 0.581986068754747
"296" 0.192113301507183 0.588061476707861 0.572767188818386 0.651955519139038 0.581986068754747
"297" 0.192113301507183 0.485508503173806 0.651032516937113 0.438185484328747 0.581986068754747
"298" 0.512511627817166 0.479143255436275 0.279272208373161 0.359657297218124 0.391520602128783
"299" 0.635684698668103 0.372367966416746 0.5042850267145 0.527343839269194 0.391520602128783
"300" 0.846123646424851 0.636414075770865 0 0.359657297218124 0.158409710728996
"301" 0.427920084835637 0.651330643537297 0.484718694684818 0.512843681895435 0.581986068754747
"302" 0.43682156531596 0.503537826431887 0.836912671219089 0.422802053900328 0.391520602128783
"303" 0.377095361450157 0.545274478181956 0.562984022803545 0.597833520087582 0.391520602128783
"304" 0.649920542949551 0.72795635518733 0.543417690773863 0.597833520087582 0.391520602128783
"305" 0.519118473966017 0.617017076467987 0.553200856788705 0.527343839269194 0.581986068754747
"306" 0.388316404982483 0.503537826431887 0.5042850267145 0.293766269041321 0.581986068754747
"307" 0.715321577441318 0.372367966416746 0.445586030625455 0.69131500173334 0.581986068754747
"308" 0.739297614039559 0.769827065391559 0.26948904235832 0.293766269041321 0.391520602128783
"309" 0.427920084835637 0.520160783522156 0.602116686862909 0.597833520087582 0.581986068754747
"310" 0.600542631001451 0.472582123473375 0.0836088880763445 0.391558578295532 0.391520602128783
"311" 0.525594452589857 0.688275633764489 0.484718694684818 0.422802053900328 0.391520602128783
"312" 0.377095361450157 0.509224029123142 0.602116686862909 0.375691890046923 0.581986068754747
"313" 0.505765644380061 0.639482041856968 0.641249350922272 0.791533660396896 0.581986068754747
"314" 0.305391216114487 0.530563820585382 0.553200856788705 0.293766269041321 0.158409710728996
"315" 0.635684698668103 0.202110183922355 0.367320702506729 0.583995479780231 0.581986068754747
"316" 0.63083677827438 0.280516448419147 0.406453366566092 0.651955519139038 0.581986068754747
"317" 0.377095361450157 0.324789306367965 0.61189985287775 0.803607468361309 0.391520602128783
"318" 0.43682156531596 0.40216800278285 0.572767188818386 0.422802053900328 0.391520602128783
"319" 0.605745762157615 0.567739443570937 0.38688703453641 0.583995479780231 0.581986068754747
"320" 0.672710790972158 0.595677285005747 0.572767188818386 0.327069914755952 0.391520602128783
"321" 0.694468179499826 0.563431823037589 0.367320702506729 0.597833520087582 0.581986068754747
"322" 0.512511627817166 0.580163538081921 0.426019698595774 0.438185484328747 0.391520602128783
"323" 0.505765644380061 0.69775363699367 0.484718694684818 0.468491592206549 0.391520602128783
"324" 0.192113301507183 0.39268999955367 0.660815682951954 0.343451208165685 0.391520602128783
"325" 0.477189801659812 0.554546372198067 0.377103868521569 0.375691890046923 0.391520602128783
"326" 0.445410418918533 0.580163538081921 0.5042850267145 0.343451208165685 0.391520602128783
"327" 0.192113301507183 0.66118414430582 0.38688703453641 0.375691890046923 0.391520602128783
"328" 0.365148174258755 0.372367966416746 0.5042850267145 0.391558578295532 0.581986068754747
"329" 0.388316404982483 0.472582123473375 0.719514679040999 0.638605169496458 0.391520602128783
"330" 0.305391216114487 0.491689224751558 0.62168301889259 0.453414304800156 0.581986068754747
"331" 0.685880283815454 0.224575149311336 0.230356378298957 0.391558578295532 0.391520602128783
"332" 0.63083677827438 0.280516448419147 0.416236532580933 0.803607468361309 0.882518277523544
"333" 0.668240019479871 0.349903001027765 0.38688703453641 0.729677933892271 0.743022326234652
"334" 0.365148174258755 0.55903537935598 0.308621706417684 0.453414304800156 0.391520602128783
"335" 0.525594452589857 0.40216800278285 0.5042850267145 0.359657297218124 0.391520602128783
"336" 0.754714273006435 0.444110564702777 0.38688703453641 0.570029898133436 0.743022326234652
"337" 0.544308650802436 0.626936072541684 0.582550354833227 0.375691890046923 0.391520602128783
"338" 0.649920542949551 0.72795635518733 0.543417690773863 0.597833520087582 0.391520602128783
"339" 0.192113301507183 0.610138416576983 0.778213675130044 0.422802053900328 0.158409710728996
"340" 0.398929531832399 0.479143255436275 0.758647343100362 0.570029898133436 0.743022326234652
"341" 0.727443840467692 0.361431212017732 0.406453366566092 0.896883366276698 0.882518277523544
"342" 0.25751433599895 0.535580992403545 0.602116686862909 0.555934402234205 0.581986068754747
"343" 0.491818492594122 0.46581266715163 0.768430509115203 0.422802053900328 0.391520602128783
"344" 0.305391216114487 0.55903537935598 0.699948347011317 0.767093535678137 0.743022326234652
"345" 0.645224959936402 0.26344974514516 0.445586030625455 0.779362873016635 0.743022326234652
"346" 0.445410418918533 0.520160783522156 0.592333520848068 0.468491592206549 0.391520602128783
"347" 0.409023993817465 0.41124256225057 0.0738257220615034 0.407260841946035 0.391520602128783
"348" 0.505765644380061 0.723894899735376 0.465152362655137 0.359657297218124 0.391520602128783
"349" 0.615960447455952 0.497695818133175 0.298838540402843 0.779362873016635 0.581986068754747
"350" 0.192113301507183 0.576102082629966 0.797780007159725 0.438185484328747 0.391520602128783
"351" 0.512511627817166 0.55903537935598 0.61189985287775 0.453414304800156 0.158409710728996
"352" 0.322915370490717 0.337715686068396 0.709731513026158 0.512843681895435 0.581986068754747
"353" 0.668240019479871 0.224575149311336 0.396670200551251 0.742252735375008 0.743022326234652
"354" 0.192113301507183 0.514762521407161 0.582550354833227 0.407260841946035 0.391520602128783
"355" 0.491818492594122 0.280516448419147 0.38688703453641 0.375691890046923 0.391520602128783
"356" 0.519118473966017 0.723894899735376 0.416236532580933 0.407260841946035 0.391520602128783
"357" 0.409023993817465 0.509224029123142 0.523851358744182 0.343451208165685 0.391520602128783
"358" 0.338354460429582 0.451592734660772 0.406453366566092 0.438185484328747 0.581986068754747
"359" 0.573463587501794 0.554546372198067 0.582550354833227 0.638605169496458 0.743022326234652
"360" 0.690192741085259 0.713389328424289 0.347754370477047 0.665189270352692 0.581986068754747
"361" 0.377095361450157 0.525425741497568 0.426019698595774 0.422802053900328 0.581986068754747
"362" 0.322915370490717 0.58414907401578 0.445586030625455 0.422802053900328 0.391520602128783
"363" 0.531947045329097 0.419946626465527 0.533634524759023 0.729677933892271 0.581986068754747
"364" 0.445410418918533 0.361431212017732 0.602116686862909 0.359657297218124 0.391520602128783
"365" 0.525594452589857 0.46581266715163 0.572767188818386 0.391558578295532 0.391520602128783
"366" 0.365148174258755 0.40216800278285 0.484718694684818 0.391558578295532 0.391520602128783
"367" 0.531947045329097 0.588061476707861 0.954310663397179 0.767093535678137 0.743022326234652
"368" 0.192113301507183 0.24489718244826 0.631466184907431 0.638605169496458 0.581986068754747
"369" 0.445410418918533 0.603030426237071 0.465152362655137 0.391558578295532 0.391520602128783
"370" 0.649920542949551 0.361431212017732 0.328188038447365 0.651955519139038 0.391520602128783
"371" 0.562077421393132 0.665271553134268 0.484718694684818 0.597833520087582 0.581986068754747
"372" 0.192113301507183 0.428309265524556 0.533634524759023 0.359657297218124 0.581986068754747
"373" 0.365148174258755 0.503537826431887 0.61189985287775 0.407260841946035 0.581986068754747
"374" 0.719393298585171 0.642506489223802 0.171657382209912 1.05766176753545 0.391520602128783
"375" 0.192113301507183 0.24489718244826 0.533634524759023 0.815585830205421 0.743022326234652
"376" 0.645224959936402 0.794757028920373 0.230356378298957 0.343451208165685 0.391520602128783
"377" 0.43682156531596 0.530563820585382 0.377103868521569 0.375691890046923 0.391520602128783
"378" 0.192113301507183 0.296317747597367 0.435802864610614 0.453414304800156 0.581986068754747
"379" 0.649920542949551 0.554546372198067 0.308621706417684 0.541706552324988 0.743022326234652
"380" 0.562077421393132 0.665271553134268 0.484718694684818 0.597833520087582 0.581986068754747
"381" 0.28460433147867 0.702339189303477 0.729297845055839 0.407260841946035 0.581986068754747
"382" 0.498871344396122 0.41124256225057 0.582550354833227 0.625136148523405 0.581986068754747
"383" 0.605745762157615 0.224575149311336 0.514068192729341 0.827470243146482 0.743022326234652
"384" 0.377095361450157 0.43635625691037 0.5042850267145 0.375691890046923 0.581986068754747
"385" 0.469586391421645 0.55903537935598 0.38688703453641 0.407260841946035 0.581986068754747
"386" 0.427920084835637 0.617017076467987 0.357537536491888 0.310509587272358 0.581986068754747
"387" 0.625934686127748 0.176996489262555 0.514068192729341 0.7547240393759 0.581986068754747
"388" 0.677140354559515 0.633301320279216 0.337971204462206 0.512843681895435 0.581986068754747
"389" 0.322915370490717 0.43635625691037 0.866262169263611 0.359657297218124 0.581986068754747
"390" 0.322915370490717 0.46581266715163 0.514068192729341 0.453414304800156 0.581986068754747
"391" 0.677140354559515 0.630142448216755 0.5042850267145 0.570029898133436 0.743022326234652
"392" 0.649920542949551 0.11565692803975 0.318404872432524 0.512843681895435 0.391520602128783
"393" 0.377095361450157 0.43635625691037 0.484718694684818 0.512843681895435 0.581986068754747
"394" 0.654568451364619 0.280516448419147 0.465152362655137 0.665189270352692 0.391520602128783
"395" 0.635684698668103 0.202110183922355 0.289055374388002 0.512843681895435 0.581986068754747
"396" 0.615960447455952 0.361431212017732 0.533634524759023 0.651955519139038 0.581986068754747
"397" 0.556250850642659 0.623680742678747 0.641249350922272 0.375691890046923 0.581986068754747
"398" 0.668240019479871 0.349903001027765 0.38688703453641 0.729677933892271 0.743022326234652
"399" 0.654568451364619 0.642506489223802 0.680382014981635 0.407260841946035 0.391520602128783
"400" 0.531947045329097 0.509224029123142 0.347754370477047 0.611546327543722 0.581986068754747
"401" 0.654568451364619 0.280516448419147 0.406453366566092 0.678308442196004 0.743022326234652
"402" 0.461768674741401 0.24489718244826 0.787996841144884 0.651955519139038 0.391520602128783
"403" 0.573463587501794 0.739696198913597 0.562984022803545 0.375691890046923 0.391520602128783
"404" 0.567813641293532 0.40216800278285 0.484718694684818 0.625136148523405 0.391520602128783
"405" 0.698707536329883 0.361431212017732 0.484718694684818 0.779362873016635 0.581986068754747
"406" 0.377095361450157 0.54996081988826 0.426019698595774 0.391558578295532 0.581986068754747
"407" 0.605745762157615 0.444110564702777 0.455369196640296 0.803607468361309 0.743022326234652
"408" 0.584519508457784 0.545274478181956 0.660815682951954 0.327069914755952 0.391520602128783
"409" 0.620976564612699 0.46581266715163 0.337971204462206 0.597833520087582 0.391520602128783
"410" 0.377095361450157 0.690684924532531 0.523851358744182 0.327069914755952 0.581986068754747
"411" 0.512511627817166 0.785746393891541 0.396670200551251 0.375691890046923 0.391520602128783
"412" 0.192113301507183 0.428309265524556 0.553200856788705 0.391558578295532 0.158409710728996
"413" 0.649920542949551 0.603030426237071 0.49450186069966 0.468491592206549 0.581986068754747
"414" 0.625934686127748 0.535580992403545 0.709731513026158 0.527343839269194 0.581986068754747
"415" 0.519118473966017 0.545274478181956 0.670598848966795 0.742252735375008 0.581986068754747
"416" 0.505765644380061 0.311028405193941 0.553200856788705 0.638605169496458 0.391520602128783
"417" 0.338354460429582 0.530563820585382 0.602116686862909 0.665189270352692 0.581986068754747
"418" 0.531947045329097 0.444110564702777 0.367320702506729 0.625136148523405 0.391520602128783
"419" 0.694468179499826 0.311028405193941 0.38688703453641 0.391558578295532 0.391520602128783
"420" 0.445410418918533 0.623680742678747 0.514068192729341 0.527343839269194 0.581986068754747
"421" 0.579031039457725 0.444110564702777 0.426019698595774 0.625136148523405 0.743022326234652
"422" 0.365148174258755 0.673218558602978 0.533634524759023 0.468491592206549 0.391520602128783
"423" 0.649920542949551 0.382771003479972 0.171657382209912 0.438185484328747 0.743022326234652
"424" 0.512511627817166 0.311028405193941 0.5042850267145 0.293766269041321 0.581986068754747
"425" 0.469586391421645 0.599385551766182 0.523851358744182 0.359657297218124 0.391520602128783
"426" 0.640480204491652 0.296317747597367 0.484718694684818 0.422802053900328 0.581986068754747
"427" 0.192113301507183 0.591903381808187 0.670598848966795 0.327069914755952 0.391520602128783
"428" 0.469586391421645 0.794757028920373 0.347754370477047 0.327069914755952 0.391520602128783
"429" 0.377095361450157 0.41124256225057 0.73908101107068 0.611546327543722 0.581986068754747
"430" 0.192113301507183 0.514762521407161 0.553200856788705 0.327069914755952 0.581986068754747
"431" 0.600542631001451 0.337715686068396 0.357537536491888 0.453414304800156 0.391520602128783
"432" 0.567813641293532 0.680879980327997 0.592333520848068 0.293766269041321 0.391520602128783
"433" 0.445410418918533 0.576102082629966 0.416236532580933 0.375691890046923 0.391520602128783
"434" 0.25751433599895 0.58414907401578 0.690165180996476 0.638605169496458 0.581986068754747
"435" 0.544308650802436 0.648429646891454 0.523851358744182 0.453414304800156 0.391520602128783
"436" 0.690192741085259 0.361431212017732 0.49450186069966 0.527343839269194 0.743022326234652
"437" 0.620976564612699 0.673218558602978 0.514068192729341 0.407260841946035 0.581986068754747
"438" 0.579031039457725 0.514762521407161 0.523851358744182 0.327069914755952 0.391520602128783
"439" 0.484595619351981 0.606614039404761 0.543417690773863 0.583995479780231 0.391520602128783
"440" 0.635684698668103 0.419946626465527 0.543417690773863 0.468491592206549 0.581986068754747
"441" 0.672710790972158 0.651330643537297 0.171657382209912 0.704210865804917 0.882518277523544
"442" 0.498871344396122 0.606614039404761 0.289055374388002 0.327069914755952 0.391520602128783
"443" 0.567813641293532 0.458821222299351 0.426019698595774 0.343451208165685 0.391520602128783
"444" 0.600542631001451 0.46581266715163 0.445586030625455 0.483420332494312 0.391520602128783
"445" 0.677140354559515 0.41124256225057 0.279272208373161 0.583995479780231 0.581986068754747
"446" 0.615960447455952 0.43635625691037 0.396670200551251 0.359657297218124 0.581986068754747
"447" 0.418669130721792 0.580163538081921 0.543417690773863 0.310509587272358 0.391520602128783
"448" 0.672710790972158 0.525425741497568 0.396670200551251 0.638605169496458 0.581986068754747
"449" 0.579031039457725 0.509224029123142 0.416236532580933 0.611546327543722 0.581986068754747
"450" 0.743192213455483 0.311028405193941 0.201006880254434 0.704210865804917 0.743022326234652
"451" 0.645224959936402 0.202110183922355 0.38688703453641 0.742252735375008 0.743022326234652
"452" 0.649920542949551 0.479143255436275 0.602116686862909 0.453414304800156 0.581986068754747
"453" 0.418669130721792 0.73585429381327 0.445586030625455 0.359657297218124 0.391520602128783
"454" 0.589932263556444 0.525425741497568 0.699948347011317 0.779362873016635 0.743022326234652
"455" 0.635684698668103 0.224575149311336 0.455369196640296 0.7547240393759 0.743022326234652
"456" 0.531947045329097 0.540482816659079 0.396670200551251 0.729677933892271 0.581986068754747
"457" 0.735375095276021 0.382771003479972 0.357537536491888 0.327069914755952 0.581986068754747
"458" 0.73142404797562 0.472582123473375 0.279272208373161 0.310509587272358 0.581986068754747
"459" 0.491818492594122 0.514762521407161 0.514068192729341 0.611546327543722 0.581986068754747
"460" 0.562077421393132 0.642506489223802 0.455369196640296 0.597833520087582 0.581986068754747
"461" 0.322915370490717 0.630142448216755 0.533634524759023 0.359657297218124 0.158409710728996
"462" 0.635684698668103 0.382771003479972 0.435802864610614 0.570029898133436 0.743022326234652
"463" 0.595272354336887 0.349903001027765 0.38688703453641 0.359657297218124 0.391520602128783
"464" 0.322915370490717 0.693067295287366 0.347754370477047 0.359657297218124 0.391520602128783
"465" 0.28460433147867 0.617017076467987 0.748864177085521 0.438185484328747 0.391520602128783
"466" 0.550329520260324 0.613605484257039 0.445586030625455 0.483420332494312 0.581986068754747
"467" 0.694468179499826 0.458821222299351 0.308621706417684 0.729677933892271 0.581986068754747
"468" 0.600542631001451 0.148524930491957 0.377103868521569 0.651955519139038 0.743022326234652
"469" 0.322915370490717 0.688275633764489 0.709731513026158 0.375691890046923 0.391520602128783
"470" 0.654568451364619 0.509224029123142 0.201006880254434 0.359657297218124 0.391520602128783
"471" 0.322915370490717 0.311028405193941 0.445586030625455 0.391558578295532 0.391520602128783
"472" 0.620976564612699 0.58414907401578 0.602116686862909 0.541706552324988 0.581986068754747
"473" 0.525594452589857 0.55903537935598 0.592333520848068 0.327069914755952 0.581986068754747
"474" 0.525594452589857 0.756176326950194 0.553200856788705 0.359657297218124 0.391520602128783
"475" 0.615960447455952 0.296317747597367 0.377103868521569 0.375691890046923 0.581986068754747
"476" 0.512511627817166 0.479143255436275 0.279272208373161 0.359657297218124 0.391520602128783
"477" 0.567813641293532 0.793281452343995 0.484718694684818 0.375691890046923 0.391520602128783
"478" 0.512511627817166 0.497695818133175 0.514068192729341 0.359657297218124 0.391520602128783
"479" 0.398929531832399 0.296317747597367 0.484718694684818 0.527343839269194 0.391520602128783
"480" 0.723433817421218 0.554546372198067 0.435802864610614 0.293766269041321 0
"481" 0.192113301507183 0.479143255436275 0.62168301889259 0.638605169496458 0.581986068754747
"482" 0.556250850642659 0.530563820585382 0.49450186069966 0.293766269041321 0.391520602128783
"483" 0.556250850642659 0.41124256225057 0.426019698595774 0.541706552324988 0.581986068754747
"484" 0.562077421393132 0.741591499964718 0.484718694684818 0.665189270352692 0.158409710728996
"485" 0.672710790972158 0.361431212017732 0.435802864610614 0.375691890046923 0.391520602128783
"486" 0.388316404982483 0.713389328424289 0.807563173174566 0.850963037492175 0.391520602128783
"487" 0.600542631001451 0.311028405193941 0.367320702506729 0.375691890046923 0.391520602128783
"488" 0.192113301507183 0.444110564702777 0.592333520848068 0.359657297218124 0.391520602128783
"489" 0.649920542949551 0.337715686068396 0.396670200551251 0.597833520087582 0.581986068754747
"490" 0.605745762157615 0.382771003479972 0.328188038447365 0.583995479780231 0.581986068754747
"491" 0.377095361450157 0.55903537935598 0.396670200551251 0.453414304800156 0.391520602128783
"492" 0.584519508457784 0.514762521407161 0.582550354833227 0.704210865804917 0.391520602128783
"493" 0.73142404797562 0.419946626465527 0.367320702506729 0.704210865804917 0.391520602128783
"494" 0.512511627817166 0.554546372198067 0.445586030625455 0.391558578295532 0.391520602128783
"495" 0.418669130721792 0.540482816659079 0.748864177085521 0.483420332494312 0.391520602128783
"496" 0.519118473966017 0.509224029123142 0.337971204462206 0.422802053900328 0.391520602128783
"497" 0.538183047010328 0.715532260676347 0.445586030625455 0.69131500173334 0.743022326234652
"498" 0.409023993817465 0.46581266715163 0.582550354833227 0.438185484328747 0.391520602128783
"499" 0.645224959936402 0.563431823037589 0.220573212284116 0.407260841946035 0.581986068754747
"500" 0.498871344396122 0.645488635238585 0.240139544313798 0.327069914755952 0.391520602128783
